ID	x1	y1	z1	x2	y2	z2	x3	y3	z3	x4	y4	z4
1554.UV1	-86.3716	-10.7190	325.1658	-80.8351	-9.0525	324.5771	-83.4757	-11.8091	329.5340	-85.5060	8.7021	334.8723
25273	-81.5944	9.3197	339.5485	-76.5849	4.8877	337.2656	-81.7983	2.2443	340.9622	-70.6215	18.0571	362.1914
50002	-84.7369	5.4778	319.1660	-80.1145	2.3835	319.0367	-85.5479	0.9417	320.7274	-78.5101	13.9068	339.5148
582	-75.7662	3.6092	319.3841	-73.4468	0.6223	321.5229	-78.1401	0.6652	321.3012	-77.4015	13.4962	338.7610
685	-102.2335	-5.2091	404.5684	-104.9897	-6.7320	401.6606	-100.7237	-5.2037	400.1884	-111.0729	10.9265	393.1987
686	-94.5496	-12.5406	336.0826	-93.2550	-11.8377	331.4683	-89.2049	-13.0536	335.9259	-84.3743	6.6066	333.0711
689	-74.5713	2.4029	358.6540	-75.3473	-0.8304	360.1777	-76.3541	0.7602	355.1838	-89.2126	12.3624	364.8794
690	-96.6278	-0.6400	360.7993	-96.2638	-1.0439	364.6777	-93.2617	0.8796	360.4450	-90.3793	-14.7994	357.4225
692	-116.2072	-11.0972	408.5210	-116.8539	-11.3790	405.5330	-113.8389	-10.9751	406.8662	-113.7123	5.0264	401.7324
702	-79.1407	-0.7057	336.4935	-81.4772	0.5773	336.0912	-80.1396	-0.7798	338.7624	-87.6300	-13.6183	334.4908
												
												
												
												
												
												
												
												
												
												
												
												
												
												
												
												
												
												
												
												
												
												
												
												
												
												
												
												
												
												
												
												
												
												
												
												
												
												
												
												
												
												
												
												
												
												
												
												
												
												
												
												
												
												
												
												
												
												
												
												
												
												
												
												
												
												
												
												
												
												
												
												
												
												
												
												
												
												
												
												
												
												
												
												
												
												
												
												
												
												
												
												
												
												
												
												
												
												
												
												
												
												
												
												
												
												
												
												
												
												
												
												
												
												
												
												
												
												
												
												
												
												
												
												
												
												
												
												
												
												
												
												
												
												
												
												
												
												
												
												
												
												
												
												
												
												
												
												
												
												
												
												
												
												
												
												
												
												
												
												
												
												
												
												
												
												
												
												
												
												
												
												
												
												
												
												
												
												
												
												
												
												
												
												
												
												
												
												
												
												
												
												
												
												
												
												
												
