ID	x1	y1	z1	x5	y5	z5	x6	y6	z6	x9	y9	z9
2005.27.458	-79.0061	1.6270	338.6704	-81.3480	-3.6422	341.2527	-79.2488	3.0087	338.2964	-84.5127	5.4441	335.8181
686_19	-85.5369	-4.0854	341.4651	-82.6454	-4.4603	342.5817	-85.5692	-3.9819	340.9871	-84.0964	-2.0829	338.7779
686_20	-86.5328	-3.4531	338.4229	-83.3032	-4.0027	338.9195	-86.7911	-3.2311	337.9746	-85.4673	-2.4504	334.7942
686_21	-85.5291	-7.0268	338.0801	-82.2954	-7.9652	338.5700	-85.7868	-6.6777	337.7041	-84.5656	-5.1041	334.9232
686_22	-86.2795	-12.8856	337.5998	-83.0439	-14.2025	337.7678	-86.4355	-12.7842	337.2829	-85.1436	-10.5829	334.7526
686_23	-88.7249	-11.8977	332.6798	-90.7626	-12.9208	335.1037	-88.7971	-11.5109	332.3380	-91.6679	-10.3744	330.6621
686_24	-83.6508	-10.4582	336.7242	-85.3408	-10.9892	339.6083	-83.7866	-10.1242	336.4018	-86.9801	-9.7405	334.7055
686_25	-80.3308	-7.9673	342.1616	-82.7452	-8.7336	344.1617	-80.3085	-7.8121	341.8560	-82.4314	-7.7269	339.2481
686_26	-88.8428	-10.9615	338.4668	-91.0562	-11.8715	340.6393	-88.8686	-10.5615	338.0738	-91.2683	-9.9318	335.7608
686_27	-85.0107	-4.7476	344.8711	-87.5288	-4.7534	346.8779	-85.0808	-4.6245	344.2971	-87.2913	-4.4384	342.0272
686_28	-85.8918	-7.8772	340.9955	-88.5577	-8.4466	342.4773	-85.6766	-7.6784	340.5684	-87.5438	-6.8344	337.9634
686_29	-86.9347	-4.6543	339.9561	-89.2060	-5.2888	341.9661	-86.8282	-4.3503	339.5311	-89.0762	-3.8293	337.4601
686_30	-81.3974	-3.3179	346.1221	-83.2350	-3.9010	348.5279	-81.4173	-2.9460	345.7205	-84.0090	-2.7245	344.3098
686_31	-81.5509	-5.0688	346.8690	-79.6289	-6.4839	348.3696	-81.5868	-4.7809	346.2109	-79.2614	-3.7287	345.0397
686_32	-82.1164	-3.7964	339.2218	-83.4670	-4.9000	341.7905	-82.5207	-3.2440	338.6871	-84.9510	-2.8089	338.7322
686_33	-84.7796	-6.5778	336.7559	-82.5385	-7.7795	338.1814	-84.8146	-6.4182	336.3010	-82.6263	-5.4391	335.2450
696_19	-77.8383	-13.6232	328.5636	-75.5752	-13.9734	326.3015	-77.9542	-13.8059	330.3036	-75.5944	-13.7876	331.5241
696_20	-78.8450	-13.3610	329.0784	-75.7826	-13.3172	328.3341	-79.1360	-12.8197	329.1198	-79.0882	-9.6974	329.3182
696_22	-80.4684	5.4985	318.7155	-82.9199	6.3608	316.8538	-80.2987	5.1988	319.1229	-82.3155	4.3887	321.6065
696_23	-70.7066	-10.7626	326.8303	-73.8068	-10.0587	326.9503	-70.2109	-10.3964	326.6113	-69.7383	-9.3503	323.6307
696_24	-86.4093	-8.4331	337.0535	-89.0168	-7.4381	335.4514	-85.9379	-8.4760	336.8262	-85.0142	-10.5011	334.2835
696_25	-79.4564	-9.2375	340.3969	-81.1945	-10.1687	337.8557	-79.5400	-9.2613	341.0494	-81.8696	-8.3975	342.9409
696_26	-86.2078	-8.3800	343.1959	-87.9681	-8.7783	345.9057	-86.2997	-8.0253	342.7421	-88.9293	-7.6280	340.9979
696_27	-88.5722	-5.4217	349.7102	-86.8273	-6.4262	352.0777	-88.5665	-5.2024	348.8789	-86.0866	-4.9759	347.3569
696_28	-85.5991	-4.4945	348.0129	-83.8250	-5.0483	350.1829	-85.2924	-4.2520	346.6939	-82.8893	-4.2690	345.6476
696_29	-87.8517	-5.2451	345.1892	-86.3717	-6.4100	347.3440	-87.7216	-5.2245	344.3165	-85.3538	-4.4964	343.2281
696_30	-85.2197	-5.8582	343.6896	-87.6299	-6.5245	344.9167	-85.0073	-5.4819	343.2567	-86.5727	-5.1097	341.0602
696_31	-82.4354	-7.4021	339.1159	-84.1338	-8.5595	340.9657	-82.6669	-6.9149	338.5945	-84.8710	-6.2151	337.5553
696_32	-87.6379	-9.0306	338.8408	-90.2796	-9.9200	339.3567	-87.3141	-8.5424	338.4097	-88.5677	-7.5778	336.5883
696_33	-87.0782	-10.8687	343.4374	-85.0363	-11.3350	345.1788	-86.7998	-10.4945	342.8318	-84.8059	-9.1051	342.5175
697_20	-80.8344	-7.0707	335.9586	-81.0268	-6.2634	332.9245	-80.9285	-7.0901	336.2952	-84.2937	-6.7214	336.5377
697_21	-81.2031	-2.1195	331.2299	-83.5704	-1.7015	329.0155	-81.3172	-2.3220	331.4027	-83.5810	-3.6796	333.3514
697_22	-83.7750	-5.4244	329.9116	-86.4721	-4.8451	328.3685	-83.6465	-5.6436	330.2300	-85.3822	-6.2671	332.9911
697_23	-76.3055	-8.9889	330.8190	-73.5529	-8.0371	329.4015	-76.4018	-9.0706	331.0295	-74.6184	-10.5914	333.3598
697_24	-75.5107	-2.6236	331.0580	-73.3474	-0.8352	329.5521	-75.5317	-2.6619	331.4032	-73.3437	-4.0793	333.2481
697_25	-78.7337	-7.3373	323.5083	-80.7743	-6.8871	320.9920	-78.6599	-7.3716	323.8038	-81.1860	-7.7712	325.9202
697_26	-77.5732	-5.4273	334.1426	-74.9378	-4.4780	332.7512	-77.5759	-5.3625	334.4017	-76.0762	-7.0613	336.5319
697_27	-76.2106	-3.5853	330.9473	-74.0540	-2.1303	329.0696	-76.2037	-3.6145	331.2285	-73.7197	-4.5505	333.1861
697_28	-78.2424	-6.6851	333.9689	-80.7221	-6.4015	332.0309	-78.1278	-6.8629	334.3615	-79.7442	-8.1511	336.5235
697_29	-78.8369	-6.6036	334.9895	-76.5180	-5.6941	332.9148	-78.6247	-6.7427	335.3997	-76.4967	-7.8515	337.3441
697_30	-74.3110	-4.9119	335.2043	-72.0028	-3.8259	333.7586	-74.4488	-4.8962	335.5191	-72.5743	-5.5250	337.9591
697_31	-79.5630	-4.8099	336.1849	-78.0857	-3.8379	333.7310	-79.5570	-4.8250	336.5397	-76.9288	-5.2942	337.6933
697_32	-79.9481	-4.1555	334.5048	-81.6264	-4.0820	332.2192	-80.0269	-4.3781	334.8572	-82.3046	-4.8753	336.2538
697_33	-77.1407	-0.2000	332.8690	-78.9911	-0.1853	330.7473	-77.1593	-0.5772	333.0417	-79.2102	-1.4788	334.4811
702_19	-89.3026	12.7064	336.4619	-89.9379	11.6052	338.4275	-88.2745	12.5072	336.0343	-85.8869	11.9117	337.3398
702_20	-79.9359	13.9678	339.0831	-77.1663	13.4233	339.5797	-80.0793	13.8796	338.5993	-79.5241	15.0077	335.9623
702_21	-89.4490	8.8051	345.6186	-86.7908	8.6784	346.7761	-89.5929	8.9447	345.1942	-89.6985	11.6082	343.7202
702_22	-75.6885	9.0646	335.7667	-74.7246	8.7465	338.4271	-76.3553	8.8977	335.5388	-78.4872	7.6553	336.6201
702_23	-77.3478	9.2835	336.4735	-76.3909	9.0151	339.0306	-77.8755	9.3192	336.0884	-80.1523	8.1112	336.9767
702_24	-77.5751	9.0602	335.6101	-76.4878	8.6348	338.1379	-77.9345	9.3770	335.5923	-80.4759	8.2763	336.5923
702_25	-80.7091	10.6925	330.4596	-79.7514	11.2661	327.9239	-81.0788	10.5860	330.6711	-83.5856	11.0922	329.5850
702_26	-79.5779	8.9352	336.1185	-78.9487	8.3528	338.6371	-79.9793	8.8823	335.7947	-82.4987	8.5834	336.5102
702_27	-76.4067	10.7798	334.5339	-75.4736	10.3962	337.0043	-77.1340	11.0770	334.2921	-79.4998	10.6128	335.6490
702_28	-79.7421	11.4220	332.5003	-78.4488	10.8098	334.7483	-80.6081	11.8779	332.4524	-82.2999	11.2442	333.7964
702_29	-79.9223	12.1893	331.6718	-77.9263	11.5056	333.2945	-80.3822	12.3592	331.7370	-81.8358	12.0271	333.6085
702_30	-81.0981	8.8758	334.7627	-78.5567	8.4255	334.1657	-81.4372	8.5772	334.4750	-81.4232	9.8130	332.1953
702_31	-80.0304	-2.8842	340.1931	-77.5414	-2.7154	339.0418	-80.3904	-2.9208	339.9705	-80.8942	-2.7731	337.6823
702_32	-79.1208	-3.8680	339.5890	-76.5852	-4.6466	339.6963	-79.3527	-3.7886	339.2369	-78.5503	-2.5681	337.4568
702_33	-85.5714	-0.2002	333.0912	-83.1049	0.0095	332.2322	-86.0333	-0.1512	332.7627	-85.9222	0.5046	330.8864
706_17	-76.8079	-9.0814	336.7307	-75.3123	-8.4170	335.2969	-77.1661	-9.3857	336.5772	-78.4860	-9.4232	334.8551
706_18	-79.7581	-14.8461	325.2072	-81.3000	-15.1746	323.5362	-79.7554	-14.9988	325.6685	-81.2729	-15.4451	326.8679
706_19	-77.6163	-8.4172	325.6948	-79.1341	-8.2923	324.2107	-77.6590	-8.5860	325.7843	-79.3327	-9.2407	327.3318
706_20	-84.1371	-6.9370	333.7349	-82.3071	-5.9942	333.3936	-84.3839	-7.2054	334.0551	-83.2847	-8.4320	335.7412
706_21	-82.4385	-9.9281	331.4601	-83.4094	-10.0270	329.5484	-82.4570	-10.0854	331.7161	-84.2925	-10.8290	332.4012
706_22	-82.4385	-9.9281	331.4601	-83.4094	-10.0270	329.5484	-82.4570	-10.0854	331.7161	-84.2925	-10.8290	332.4012
582_19	-75.7689	4.7568	336.7965	-78.4802	6.8546	334.5917	-76.0627	3.6767	337.7712	-79.5298	1.5831	339.5682
582_20	-74.0410	4.3390	338.0116	-75.9109	6.3601	334.6310	-74.4596	3.9036	338.4018	-78.6271	1.5740	339.3809
582_21	-75.9519	-1.8452	335.8604	-74.9696	-0.4152	332.0050	-76.9395	-1.7672	336.8369	-80.7933	-1.0432	335.8813
582_22	-80.9082	-11.1690	331.7673	-83.6915	-11.2821	328.2669	-80.9762	-11.2949	332.0845	-84.1466	-11.5921	335.5414
582_23	-82.5826	-2.6846	320.1037	-85.6673	-1.9740	317.1758	-82.3894	-3.2116	321.1090	-85.7115	-3.6024	324.0331
582_24	-75.2898	-1.8381	329.3318	-72.8722	1.0608	326.3717	-75.1906	-2.2525	330.4835	-72.1577	-3.7616	332.6067
582_25	-84.0560	-8.4419	331.0258	-86.8525	-7.5749	327.9916	-84.1181	-8.5196	331.7758	-87.1939	-9.3332	334.6386
582_26	-76.7403	-3.8098	331.0749	-79.5373	-3.7807	327.7660	-76.8520	-3.8863	331.7671	-79.7903	-5.3077	334.4209
582_27	-81.1359	-7.0385	332.8369	-84.0009	-6.8414	329.6915	-81.0442	-7.0936	333.5208	-84.0315	-8.0051	336.3259
582_28	-79.0506	-1.9977	333.6091	-82.0361	-0.9758	330.6923	-79.1038	-2.8349	334.2498	-81.7810	-3.1168	337.1519
582_29	-75.4608	-0.6333	334.0466	-77.7979	-0.2725	330.8827	-75.2250	-0.9784	334.6308	-78.4563	-1.8705	337.1458
582_30	-80.6621	-3.7099	334.4146	-78.3863	-4.7283	331.1282	-80.6510	-3.3355	334.9393	-77.2910	-1.9510	337.1108
582_31	-78.1666	-1.7533	332.9348	-75.1708	-0.5888	330.4689	-78.1358	-1.9560	333.6576	-75.4649	-2.3240	336.5863
582_32	-80.3806	-1.6604	332.5224	-83.3449	-1.8165	330.4338	-80.1748	-1.7528	333.2658	-82.2067	-2.3830	336.4822
582_33	-76.4675	-3.5790	330.8732	-73.4922	-3.4577	328.7787	-76.6278	-3.4617	331.3894	-74.6619	-4.1468	334.1564
677_19	-79.3062	9.9015	342.8669	-75.4919	10.4385	343.6805	-79.4292	9.9567	342.4769	-78.9222	11.0974	339.2167
677_20	-80.8047	10.4706	339.1900	-78.6659	10.7680	336.4891	-81.6078	10.2328	338.8318	-84.0695	11.3257	336.9417
677_21	-82.9197	9.1956	341.8567	-79.8499	9.8645	340.0768	-83.4649	9.2257	341.7043	-84.9138	10.2688	338.6349
677_22	-75.0854	3.9246	346.3655	-71.6579	3.8309	346.3041	-75.7036	3.9361	345.8277	-75.7406	4.8878	342.6187
677_23	-87.4942	-1.2910	347.0991	-88.4244	-2.5857	350.2478	-87.9346	-0.7010	346.7090	-91.2455	-0.0694	346.3006
677_24	-82.2800	2.7493	346.6155	-84.0275	2.7390	349.8180	-82.4611	2.9096	346.1519	-85.6413	2.7461	344.7759
677_25	-86.2216	0.6126	346.4741	-84.0444	-0.5526	348.8694	-86.0740	0.6368	346.0603	-83.5794	1.7772	344.2202
677_26	-82.6833	2.7431	345.5528	-84.5500	1.8806	348.4229	-82.7710	3.2033	345.1961	-85.2987	3.4105	343.3111
677_27	-84.4869	3.9635	343.4547	-81.1186	2.6704	343.5576	-84.7891	3.9178	343.0478	-83.8489	5.6744	340.4455
677_28	-80.8776	3.2563	341.0858	-80.2970	1.9832	344.0502	-81.0613	3.4686	340.8073	-84.2849	3.3984	341.4323
677_29	-86.2097	3.6667	347.5451	-87.6843	2.7573	350.2739	-86.2366	3.7279	347.1461	-89.1195	4.4899	345.9048
677_30	-80.4303	4.7282	345.1282	-81.5466	3.8924	348.1431	-80.8575	5.0042	344.8283	-83.8174	4.9969	344.0133
677_31	-90.9340	8.0732	347.9948	-89.3250	6.5688	350.3237	-90.8158	8.5417	347.0778	-88.2977	8.6383	346.1748
677_32	-84.0676	2.6788	347.1695	-81.7391	1.5879	348.9666	-84.1147	3.0376	346.6426	-82.0232	4.4066	345.2456
677_33	-79.2980	4.0698	347.6965	-77.3838	3.2914	350.1452	-79.2263	4.1461	347.2959	-76.8686	4.7626	345.8559
684_17	-74.6423	10.1985	343.0462	-72.5101	9.1778	344.6974	-74.1534	10.3373	341.8343	-71.4519	10.9490	340.2720
684_19	-79.5666	16.9306	331.6891	-76.6287	17.5924	330.9447	-80.1205	17.1047	331.6331	-81.4553	18.7371	328.8989
684_20	-73.6617	-1.3582	338.8816	-70.7147	-2.2095	339.1964	-74.3107	-1.2005	337.7855	-73.8801	0.9911	335.8384
684_21	-76.4752	4.6355	346.9395	-73.4603	4.6309	347.0156	-76.9312	4.3104	346.2493	-76.6008	5.9583	343.2562
684_22	-83.6403	3.7367	340.0712	-85.5672	2.5764	342.7527	-84.0943	4.2618	339.1393	-86.3198	4.1070	337.3873
684_24	-82.0347	17.1098	336.7513	-80.9074	14.3738	335.6605	-82.5564	17.4324	336.8992	-85.2292	16.6139	335.5127
684_25	-80.4092	15.9131	336.5283	-78.0757	17.3181	337.8484	-80.9627	16.1150	336.4223	-82.6057	18.4506	337.1387
684_26	-84.9728	13.3167	341.8675	-84.0677	14.8664	344.4222	-85.1746	13.3898	341.5681	-86.4742	15.8934	340.7177
684_27	-84.5481	7.1383	341.7673	-84.6495	4.6385	340.9370	-85.1736	7.8069	340.3178	-85.5103	7.2976	337.4416
684_29	-87.6027	13.4969	342.3342	-86.6821	14.3420	345.1325	-87.5053	13.9707	341.8923	-88.0535	16.3205	341.5948
684_30	-86.6351	12.7636	343.9765	-85.8684	13.6113	346.6035	-86.7144	13.0616	343.2610	-87.6910	15.2016	343.6433
25273_10	-79.9886	-0.1476	333.3838	-85.7467	-1.3954	334.1458	-78.8988	-0.5357	334.2353	-78.8869	-2.1885	340.4951
25273_11	-78.0561	-0.7781	339.7895	-82.0894	-1.3154	334.9867	-78.1510	-1.5079	340.4526	-83.4205	-1.0955	344.4980
25273_12	-76.7520	-7.8346	341.7982	-71.5234	-7.5873	337.6357	-77.0088	-7.9386	342.4696	-72.4839	-9.6358	347.3639
25273_13	-72.4592	-4.5262	342.7102	-67.7798	-5.3593	337.8475	-72.2174	-4.1647	345.3251	-67.6915	-6.0139	347.4390
25273_14	-72.1668	-9.2188	343.3670	-75.4874	-11.4859	338.5601	-72.1031	-9.1076	344.1603	-77.4365	-7.6905	346.6821
25273_15	-73.9137	3.3526	342.9787	-68.4400	2.7322	344.1910	-75.4434	3.4373	343.5176	-76.0930	0.8861	348.5714
25273_16	-75.9207	5.4676	339.5214	-70.5281	7.1080	339.6825	-77.1117	5.5784	340.5686	-75.4607	3.5736	345.5941
25273_17	-73.6598	2.9921	339.6082	-68.1243	1.7859	342.2053	-74.5375	2.5255	339.9167	-76.6807	-1.0163	344.0782
25273_18	-72.1210	-0.8469	342.9434	-66.7588	-0.5780	343.0683	-72.7874	-0.6449	343.5808	-72.3286	-1.8662	348.6490
25273_19	-70.6196	-2.0120	343.4301	-65.2190	-2.0792	343.9060	-72.2136	-1.4815	345.0731	-70.6976	-2.5098	349.4600
25273_20	-71.9266	1.7895	342.0840	-66.5815	1.7148	341.0259	-72.2132	1.5381	343.0336	-70.4679	1.0659	347.0885
25273_21	-79.2542	-3.4811	342.5726	-82.6263	-3.6917	339.3514	-77.4584	-2.8918	342.3994	-75.9982	-2.9624	338.2982
50002_10	-74.9440	-14.7694	341.9343	-72.7156	-13.9221	337.6988	-75.6832	-14.9229	341.9908	-79.3827	-13.5709	339.6131
50002_11	-69.0802	-12.1567	337.9458	-65.4872	-11.6273	340.6913	-69.6730	-12.0357	338.3455	-71.7695	-14.0929	341.9860
50002_12	-82.9651	-6.8421	329.0747	-79.2441	-7.0787	331.6499	-83.7123	-7.0836	329.2156	-85.6186	-8.6825	332.6130
50002_13	-81.1376	-8.3373	332.6804	-79.4131	-7.2388	328.8410	-81.7770	-8.2732	332.6808	-85.0729	-7.5355	330.6381
50002_14	-78.4178	-14.3282	338.8406	-77.0040	-14.6572	334.8917	-79.1916	-14.4143	339.2242	-82.7297	-13.1583	337.2939
50002_15	-83.5036	-5.3338	334.4725	-80.2395	-5.6695	336.8958	-84.1090	-5.3104	334.6303	-86.3753	-5.6368	337.9761
50002_16	-76.4076	-7.0122	336.4712	-74.2824	-6.1731	332.9200	-76.8291	-6.9880	336.5255	-79.5379	-5.2071	334.7150
50002_17	-77.9580	-10.3015	338.4097	-74.1616	-11.1770	338.4051	-78.3616	-10.1991	338.5467	-77.8971	-11.3234	341.9526
50002_5	-74.2820	-8.4596	343.1672	-76.9782	-7.0833	339.5008	-74.4733	-8.4978	343.8535	-78.9143	-9.0830	346.5412
50002_6	-71.0591	-12.1216	344.7710	-67.2331	-10.5707	342.5578	-71.6720	-12.4537	344.6919	-74.5400	-9.7723	341.1144
50002_7	-84.8527	-10.9795	326.1884	-79.9783	-9.8299	326.5706	-85.2798	-11.2624	326.4740	-84.5320	-14.0844	330.2097
50002_8	-90.1383	-15.8381	332.8558	-88.1310	-17.3916	336.8899	-90.8572	-15.8513	332.9337	-94.9217	-16.7338	334.9232
50002_9	-76.9862	-17.0033	342.4627	-73.6469	-18.0785	345.2963	-77.6066	-16.7215	342.0258	-81.1644	-18.3388	345.5802
50003_17	-82.6463	-3.8710	338.6060	-79.7694	-3.9977	335.5493	-83.6941	-3.4866	338.9004	-86.5262	-2.8963	335.4435
50003_18	-82.6463	-3.8710	338.6060	-79.7694	-3.9977	335.5493	-83.6941	-3.4866	338.9004	-86.5262	-2.8963	335.4435
50003_19	-87.6557	-12.0072	333.7498	-83.9838	-13.5278	335.6306	-87.8053	-11.9690	333.4521	-85.4205	-9.3749	330.2634
50003_20	-85.0048	-9.8479	332.8421	-87.3477	-11.8223	336.1409	-85.1178	-9.4737	332.5365	-88.7887	-8.6892	330.0074
50003_21	-85.1924	-8.6385	332.9823	-84.1079	-11.2229	336.4230	-85.5695	-8.5482	332.9001	-90.0510	-8.8124	333.9143
50003_22	-85.5674	-12.7240	335.6161	-81.3053	-12.8650	334.4024	-85.9807	-12.7282	335.4363	-87.0841	-9.9933	331.9529
50003_23	-85.6197	-8.9891	332.5460	-81.5346	-10.7373	331.9507	-85.9012	-8.2336	332.3570	-85.0291	-5.7234	329.1707
50003_24	-82.5400	-6.0965	332.1652	-81.0445	-8.1399	335.5186	-82.9552	-5.9918	332.0574	-86.7375	-5.5045	333.4531
50003_25	-82.0863	-5.9101	331.6713	-81.6477	-8.1807	335.0805	-82.9694	-5.1143	331.1759	-86.2928	-4.9594	332.1369
50003_26	-85.6517	-6.8632	335.5707	-85.9850	-9.0698	339.1312	-86.5003	-6.1011	334.8499	-89.6284	-5.4457	335.5739
85863_16	-79.8743	-4.3017	339.4017	-82.2141	-3.1568	337.2220	-79.7892	-4.7017	340.0288	-82.3287	-5.6934	342.4455
85863_17	-83.2899	-9.3209	331.7739	-86.5844	-9.6513	330.5271	-82.7278	-9.7424	332.1235	-83.8192	-10.4995	335.6110
85863_18	-83.7786	-16.4854	326.4099	-87.0633	-17.7538	325.1209	-83.2263	-16.2926	327.6120	-84.5634	-16.6477	330.6597
85863_19	-84.4766	-8.8135	326.8068	-83.2777	-7.6588	323.2909	-84.1632	-8.9894	327.3864	-80.8622	-9.1278	328.6981
85863_20	-85.5914	-7.1291	326.7995	-89.0483	-6.9769	326.0865	-85.0895	-7.4649	327.5681	-85.7828	-8.7653	330.7412
85863_21	-81.1233	-7.3645	326.7114	-83.8534	-8.4722	324.8867	-80.5684	-7.5206	327.4676	-82.0354	-8.5466	330.6325
85863_22	-86.5029	-5.3650	327.3404	-90.0359	-5.1386	325.9161	-86.3154	-5.6199	327.7591	-87.4567	-6.8543	330.8447
85863_23	-86.4149	-2.8705	325.5109	-85.7627	-0.8693	322.7841	-86.1558	-2.8474	325.9934	-82.8147	-2.8049	326.9055
685_20	-107.8766	-10.2160	396.6592	-107.1278	-10.6097	399.9347	-108.4567	-10.6066	395.9051	-111.8588	-11.5353	396.9464
685_21	-104.1149	-2.1883	400.4744	-100.2802	-1.9619	400.6437	-104.4845	-2.1396	400.0612	-104.3322	-0.5808	396.5909
685_22	-101.4650	-7.7811	402.2707	-98.1200	-7.4390	400.5387	-101.9731	-7.6669	401.9328	-103.2202	-5.7603	398.6996
685_23	-101.5694	-3.9865	393.9438	-100.4586	-4.4084	397.5921	-102.0943	-3.9492	393.6825	-104.7387	-6.4275	394.6836
685_24	-109.5784	-5.7111	391.4915	-107.7113	-6.3009	394.6996	-110.0524	-5.6607	391.4653	-113.0964	-6.9105	393.1815
685_25	-117.8572	-8.1340	383.8506	-116.9196	-6.9200	380.3390	-117.5229	-8.1015	384.3001	-113.9276	-9.0148	384.5517
685_26	-107.3531	-15.4544	395.1855	-107.1774	-16.6449	398.7560	-106.9336	-15.2433	394.9445	-103.7375	-13.2607	395.7914
685_27	-116.0320	-4.0465	381.5716	-114.7066	-3.3200	378.3600	-115.9134	-3.9864	382.0132	-112.4683	-3.9509	383.3000
685_28	-105.3484	-11.7440	399.7154	-101.8629	-11.7241	400.9884	-105.5214	-11.7978	399.2272	-104.4327	-10.2354	396.2277
685_29	-117.4385	-8.4864	381.5435	-115.8099	-8.4209	378.2421	-117.2856	-8.1860	381.9619	-118.7625	-8.4861	385.0197
685_30	-112.0335	-8.2377	397.8793	-113.5652	-8.9999	401.0611	-112.2464	-8.1077	397.6645	-115.3751	-7.7658	396.6482
685_31	-110.8311	-7.5685	396.8993	-112.1223	-8.8489	399.9939	-110.9559	-7.3812	396.7097	-114.1151	-6.9934	396.0103
685_32	-111.5262	-8.8854	400.2685	-112.9158	-10.2150	402.7944	-111.6766	-8.5737	399.9537	-114.4204	-8.6746	399.4487
685_33	-109.9275	-5.5497	400.0315	-110.1349	-7.1633	403.1027	-110.1321	-5.6259	399.7262	-111.5889	-8.0859	398.9179
689_20	-80.2668	-5.5186	355.0079	-78.6766	-4.7038	351.5108	-79.7187	-5.4109	355.6378	-76.0730	-4.6336	356.6256
689_21	-75.9316	-0.8239	373.8732	-72.5134	-1.5190	375.3148	-76.0954	-0.8174	373.4391	-74.4346	0.7137	369.9867
689_22	-68.3703	2.4034	365.8636	-64.6731	3.4127	366.0140	-68.5726	2.3615	365.3931	-69.1094	4.3322	362.0670
689_23	-68.4075	-2.3770	371.9056	-69.3924	-2.6397	375.5722	-68.7707	-2.7207	371.0385	-72.0537	-4.4578	370.6670
689_24	-76.3129	-8.3080	374.0811	-77.1578	-8.9379	377.6522	-76.4659	-8.3477	373.5663	-80.3330	-9.1024	372.7032
689_25	-95.6440	-11.1898	378.6357	-94.7144	-12.4017	382.0423	-95.3588	-11.3262	378.1137	-91.6560	-10.3284	377.4325
689_26	-95.6440	-11.1898	378.6357	-94.7144	-12.4017	382.0423	-95.3588	-11.3262	378.1137	-91.6560	-10.3284	377.4325
689_27	-94.1998	-11.3389	370.5370	-92.2443	-13.6555	373.1830	-94.1797	-10.7545	370.1654	-90.8764	-9.4046	368.9383
689_28	-93.5833	-8.3494	375.9377	-91.8798	-9.2317	378.8239	-93.1491	-8.3638	374.7035	-90.1502	-7.5401	373.8694
689_29	-84.0419	-11.5743	362.5321	-81.2074	-12.1259	360.7108	-84.4055	-11.2971	363.3820	-82.1006	-11.5095	365.9052
689_30	-86.5619	-12.4230	371.9911	-89.6185	-13.1221	374.1421	-86.4765	-12.2318	371.7376	-88.6103	-11.2704	369.2495
689_32	-81.3239	-5.0480	360.1181	-83.4764	-5.3828	357.3900	-81.4001	-5.0646	360.3324	-83.9330	-5.7183	361.7770
689_33	-86.8212	-6.0432	373.9156	-85.1073	-6.6407	376.7505	-86.7467	-6.2286	373.4552	-83.9292	-6.2386	372.1013
692_21	-111.1840	-0.1601	388.3969	-108.3091	-0.0953	388.2456	-112.0518	0.3694	387.6186	-111.8591	1.8211	385.2392
692_22	-112.5471	-2.0051	392.9451	-110.3018	-3.0310	394.0269	-112.6556	-2.0749	391.7273	-110.7175	-1.0196	389.4246
692_23	-108.0001	-11.3928	388.3138	-108.7266	-12.5059	390.9722	-108.5748	-10.9800	386.5233	-111.0760	-11.3492	385.7316
692_24	-108.1424	-15.2572	387.1353	-105.2469	-16.0170	388.0603	-108.6023	-14.1924	386.3587	-107.4706	-12.3717	384.4198
692_25	-110.9105	-7.9743	387.6294	-111.9559	-8.8808	390.1706	-111.1644	-7.5856	386.4487	-114.1386	-7.3332	385.1896
692_26	-106.2758	-7.4702	391.8356	-103.6723	-6.9844	392.8475	-106.7104	-7.4635	391.1316	-106.1300	-6.3552	388.5522
692_27	-106.1702	-6.4264	389.4297	-106.4870	-6.8595	391.9821	-107.4885	-6.3407	387.6701	-109.6159	-7.1473	388.3237
692_28	-110.7707	-8.6159	391.6235	-111.5640	-9.9507	393.7051	-110.8841	-8.1311	390.0946	-113.1664	-8.0998	388.6244
692_29	-109.6210	-3.7957	391.2833	-110.6387	-4.0322	393.6523	-110.0285	-3.6209	390.4835	-112.4429	-4.2327	389.6087
692_30	-110.5320	-4.4137	390.3800	-107.9502	-4.7031	390.5154	-110.9448	-4.6503	389.6521	-110.5731	-3.6517	386.9988
692_32	-104.9824	-6.1089	398.8927	-106.1419	-6.9201	401.1199	-105.4263	-5.8238	397.7267	-107.6523	-5.9738	397.2723
692_33	-106.1499	-8.1040	398.4728	-107.5193	-9.1237	400.5760	-106.3186	-7.7949	397.6888	-108.5748	-7.5565	397.2907
690_21	-102.5857	9.6182	449.4545	-105.5646	10.8933	451.9566	-102.7969	8.6760	448.2900	-105.7314	7.4676	446.7385
690_22	-102.6730	8.1470	449.3851	-102.5959	12.3135	450.6987	-102.9437	7.7780	448.0995	-105.8443	6.5406	445.8396
690_23	-111.1850	3.6017	451.6787	-115.0484	4.7578	452.7666	-110.7246	3.2171	450.6133	-112.4860	3.0342	447.3244
690_24	-105.0113	0.9890	441.3967	-107.7407	1.1474	440.5281	-103.6189	2.3312	438.4744	-105.4807	2.7890	434.7775
690_25	-101.7078	4.3402	430.8625	-103.9362	3.7346	427.7890	-101.9866	3.7586	431.8598	-105.0536	3.7373	434.1804
690_26	-106.6296	3.9868	449.4455	-104.5354	3.5220	452.8046	-106.1352	3.9973	448.1808	-102.8779	4.3191	446.8799
690_27	-107.6142	5.4456	447.3950	-105.3989	4.7880	449.3801	-107.1469	5.7888	445.0628	-103.8831	6.6446	443.2337
690_28	-91.6802	-1.7077	425.1839	-88.1182	-1.6483	426.0905	-92.7246	-2.0628	425.7625	-93.0167	-4.0384	428.8775
690_29	-76.3897	-8.7097	271.3290	-74.2366	-8.8743	273.1921	-76.1248	-8.8350	269.3268	-72.9498	-8.7525	267.4966
690_31	-76.1550	-9.7941	264.5760	-78.8496	-10.0484	265.3831	-75.5657	-8.5497	261.3344	-75.3936	-10.6766	259.5634
690_33	-71.3244	-13.5597	245.5225	-70.7242	-13.4504	242.6557	-70.7511	-13.1324	246.3192	-68.6628	-11.2095	245.9485
671_20	-80.0643	-2.3978	393.4332	-83.5393	-3.2665	394.7441	-79.0538	-1.6704	393.8399	-78.3539	-2.2529	397.3544
671_21	-75.1400	-4.4542	396.2814	-71.6435	-5.0218	394.3644	-75.6266	-3.9922	396.1698	-76.7769	-2.3878	392.8708
671_22	-81.6812	-13.1657	385.4378	-83.5185	-11.5950	382.0558	-81.3399	-13.0384	385.5244	-77.9769	-11.4089	383.8998
671_23	-89.4606	-11.4218	388.4196	-92.2330	-13.4007	390.5498	-89.0543	-11.5083	388.2167	-86.5049	-11.8608	391.4432
671_24	-79.2856	-6.6926	383.3894	-82.2166	-8.6276	385.3940	-78.9137	-6.6755	383.3954	-77.4282	-5.9563	387.2543
671_25	-77.4961	-4.1212	393.0656	-81.1427	-5.3428	393.9667	-77.0462	-4.2807	393.1793	-76.2499	-4.5443	397.0715
671_26	-74.3885	-1.1535	392.3869	-76.0268	-0.7287	388.7301	-74.1196	-1.2625	392.5184	-70.5540	-1.6100	390.8443
671_27	-81.0605	-1.2959	389.8578	-83.5227	-0.2227	386.8854	-80.7484	-1.1312	389.9118	-77.7052	-0.1764	387.6560
671_28	-76.3976	-3.5504	387.1768	-78.2084	-5.7002	389.4475	-75.4820	-3.3366	387.0516	-73.1189	-2.8884	390.1839
671_29	-80.7155	-0.8852	388.0715	-84.3802	-2.6791	387.9618	-79.7760	-0.7482	389.0619	-80.4177	-1.6274	391.9069
671_30	-80.0908	-2.2407	388.6273	-82.5256	-1.7179	385.5771	-79.8774	-2.2256	388.8083	-77.0447	-0.5250	387.0015
671_31	-78.7561	1.5096	384.1819	-81.5652	-0.4673	386.0769	-78.3856	1.6482	384.3849	-76.7790	1.6108	387.4587
671_32	-81.1824	4.1744	388.1766	-82.8702	4.6737	384.8199	-80.9018	4.3507	388.4348	-77.9123	5.4150	387.0873
671_33	-82.8429	1.4654	382.2521	-83.9197	2.3770	378.8271	-82.6124	1.5835	382.6246	-79.8352	3.3012	381.8741
671_34	-82.5541	-3.8184	388.0421	-82.1825	-5.2173	384.5587	-82.7207	-3.4920	388.2836	-83.7684	-1.1191	386.3071
673_21	-78.0310	-5.9970	392.3093	-75.4631	-7.3809	394.4599	-78.4428	-5.7653	392.3983	-80.9593	-6.3330	394.9828
673_22	-87.4725	-0.1703	393.5925	-90.7686	-1.0781	394.7985	-87.0800	-0.1561	393.6096	-85.1353	-0.2977	396.5844
673_23	-85.0869	-7.3929	394.8140	-86.6949	-7.1073	390.9440	-83.7647	-6.8803	394.9944	-80.9578	-6.2846	393.4897
673_24	-92.1498	-2.2871	393.3242	-94.5750	-0.8370	390.9624	-91.5837	-2.2530	393.4406	-88.7801	-2.5146	391.9829
673_25	-92.5579	-3.4092	397.8262	-94.7546	-2.3249	395.4508	-91.6572	-2.9982	397.9601	-89.3290	-3.0349	395.7467
673_28	-92.0996	-5.5382	396.8581	-94.5364	-6.2797	398.1093	-91.4032	-5.2725	397.1632	-89.5857	-4.6366	400.2937
673_29	-90.5184	0.6563	389.0157	-91.8141	1.1457	386.1910	-89.5711	0.5821	389.6925	-87.0697	1.7205	388.0996
673_30	-70.3906	0.4304	400.0606	-69.6680	-0.9732	403.0388	-71.5401	0.4384	399.4432	-74.4045	0.1549	400.4412
673_32	-89.2974	-1.7353	392.1603	-89.5999	-1.3299	389.1113	-87.9428	-1.3813	393.3969	-85.4306	-0.6230	392.5615
673_33	-88.9251	-0.2744	389.5962	-90.5320	0.4133	386.4872	-87.7929	-0.1694	390.2805	-85.7287	1.3764	389.7680
