ID	x1	y1	z1	x2	y2	z2	x3	y3	z3	x4	y4	z4
2005.27.157	-90.6751	-1.3655	348.0097	-96.5652	1.5057	341.6019	-91.5220	3.9636	338.0972	-97.2755	-18.1690	343.8324
25273	-84.2018	4.2336	347.3716	-83.9822	6.6192	338.9539	-80.2515	5.6507	340.5796	-90.7186	-10.8438	336.6030
50002	-80.1616	-0.8659	338.5651	-76.4528	1.1628	335.7753	-76.6001	3.5837	337.9602	-70.7823	-7.7800	341.7814
686	-75.1306	3.3524	341.7373	-71.9198	3.2622	343.9518	-73.1518	5.0485	345.2679	-77.5252	-6.8643	346.6333
689	-63.5468	0.8191	260.9244	-66.7594	0.9310	263.0330	-67.9498	1.1862	261.2304	-65.5515	-10.7433	264.2249
690	-73.4719	6.5254	253.6000	-76.4336	6.3437	251.5849	-75.7901	5.0761	250.9343	-80.8167	2.8480	261.3953
692	-108.4854	-2.7726	400.9545	-111.6337	-4.1565	400.9382	-111.2830	-5.1973	402.8271	-111.3288	3.3527	402.8219
696	-90.3017	5.9783	330.5502	-87.0078	6.6425	331.1058	-87.6814	8.1564	332.0632	-89.8474	-0.1762	336.4070
697	-74.6507	1.6955	335.4533	-78.0542	1.5142	334.8710	-77.2728	2.9638	333.0260	-76.0616	-9.2964	333.6940
702	-77.9377	0.8758	346.2186	-77.3062	-0.8194	348.3174	-78.4612	0.3268	349.0521	-82.2276	-6.7043	345.1907
												
												
												
												
												
												
												
												
												
												
												
												
												
												
												
												
												
												
												
												
												
												
												
												
												
												
												
												
												
												
												
												
												
												
												
												
												
												
												
												
												
												
												
												
												
												
												
												
												
												
												
												
												
												
												
												
												
												
												
												
												
												
												
												
												
												
												
												
												
												
												
												
												
												
												
												
												
												
												
												
												
												
												
												
												
												
												
												
												
												
												
												
												
												
												
												
												
												
												
												
												
												
												
												
												
												
												
												
												
												
												
												
												
												
												
												
												
												
												
												
												
												
												
												
												
												
												
												
												
												
												
												
												
												
												
												
												
												
												
												
												
												
												
												
												
												
												
												
												
												
												
												
												
												
												
												
												
												
												
												
												
												
												
												
												
												
												
												
												
												
												
												
												
												
												
												
												
												
												
												
												
												
												
												
												
												
												
												
												
												
												
												
												
												
												
												
												
