ID	x2	y2	z2	x3	y3	z3	x4	y4	z4
2005.27.161	-83.5329	-10.3503	330.2502	-86.0579	-8.7697	328.9442	-82.1018	-7.6460	328.3277
25273	-81.3378	-3.3112	330.8171	-84.5117	-0.8067	333.9020	-79.5503	1.7391	330.6277
50002	-83.2091	-3.4986	314.5553	-86.3132	-1.8437	316.5302	-81.1669	0.2178	314.9748
50003	-71.4111	-9.2164	335.2308	-70.4010	-5.7832	333.3583	-70.0892	-7.7280	338.1857
582	-75.3190	-5.4189	318.0327	-77.5492	-2.7361	318.0823	-73.0709	-2.7797	318.3986
671	-91.2821	-0.3869	382.3849	-93.4399	0.6313	384.9406	-91.2569	3.3599	381.7515
673	-79.0427	12.1075	399.4745	-77.6140	12.9448	397.3720	-81.7456	12.6748	397.9854
677	-81.1329	15.0926	342.6887	-83.2852	12.9703	343.5789	-79.7615	12.6272	341.7359
684	-101.5011	-10.9214	342.6097	-99.8449	-9.0054	343.8996	-103.7761	-9.9183	343.9598
685	-100.3800	-13.0136	402.2995	-98.4768	-10.4135	402.3357	-102.6011	-11.5250	404.0660
686	-92.8771	-19.4002	332.5801	-92.1934	-18.0150	335.5623	-94.9840	-16.7499	332.0776
689	-72.2934	-5.4514	355.0771	-72.2282	-2.7089	353.8591	-72.2178	-3.7171	358.1338
690	-94.7032	7.2182	365.5050	-94.5089	6.0325	361.9167	-97.3522	4.5678	365.3864
692	-114.6151	-17.0224	406.7099	-113.3688	-15.5044	408.0469	-116.8097	-15.5126	406.9596
696	-89.5253	-1.5293	333.9426	-88.1551	-2.4379	335.9765	-91.8547	-2.2663	335.4843
697	-79.0600	5.6657	325.8626	-76.5592	4.6721	324.8050	-80.0291	3.7605	323.8621
702	-80.1580	4.7062	338.9775	-78.6045	2.8534	339.4894	-79.6970	3.9323	336.6196
706	-74.8585	-15.0541	333.4102	-74.2686	-16.2401	334.8291	-76.1298	-16.3980	332.9753
									
									
									
									
									
									
									
									
									
									
									
									
									
									
									
									
									
									
									
									
									
									
									
									
									
									
									
									
									
									
									
									
									
									
									
									
									
									
									
									
									
									
									
									
									
									
									
									
									
									
									
									
									
									
									
									
									
									
									
									
									
									
									
									
									
									
									
									
									
									
									
									
									
									
									
									
									
									
									
									
									
									
									
									
									
									
									
									
									
									
									
									
									
									
									
									
									
									
									
									
									
									
									
									
									
									
									
									
									
									
									
									
									
									
									
									
									
									
									
									
									
									
									
									
									
									
									
									
									
									
									
									
									
									
									
									
									
									
									
									
									
									
									
									
									
									
									
									
									
									
									
									
									
									
									
									
									
									
									
									
									
									
									
									
									
									
									
									
									
									
									
									
									
									
									
									
									
									
									
									
									
									
									
									
									
									
									
									
									
									
									
									
									
									
									
									
									
