ID	x7	y7	z7	x8	y8	z8	x9	y9	z9	x10	y10	z10
2005.27.169.3	-76.2996	-8.2089	334.0503	-71.6981	-12.1765	331.8833	-74.6735	-9.3022	330.0532	-73.9163	-11.0560	336.0074
686_19	-86.5505	-0.4296	340.3421	-86.0002	-4.9757	337.5255	-84.0964	-2.0829	338.7779	-88.9731	-3.2964	339.5772
686_20	-87.6276	-0.1316	336.4165	-88.0195	-5.3958	335.3088	-85.4673	-2.4504	334.7942	-90.1915	-2.6868	337.1290
686_21	-86.7300	-3.3779	337.3612	-87.0539	-7.9152	334.4198	-84.5656	-5.1041	334.9232	-89.1519	-5.9633	337.1026
686_22	-87.1637	-8.9579	337.3889	-87.5873	-13.1952	333.4737	-85.1436	-10.5829	334.7526	-89.6360	-11.6670	336.4413
686_23	-89.4612	-12.7196	328.7155	-88.7423	-7.7304	331.6618	-91.6679	-10.3744	330.6621	-86.6695	-10.3704	329.6335
686_24	-84.6881	-12.3462	333.4637	-84.5805	-6.9969	334.9150	-86.9801	-9.7405	334.7055	-82.2824	-9.6521	333.2495
686_25	-79.8616	-10.0115	338.8329	-80.7214	-4.7378	340.2466	-82.4314	-7.7269	339.2481	-77.8872	-7.2273	339.6611
686_26	-88.9898	-12.2936	334.7513	-89.0259	-7.3325	337.0255	-91.2683	-9.9318	335.7608	-86.7226	-10.0781	335.8984
686_27	-85.0323	-6.9866	341.7639	-84.7935	-1.7895	342.5327	-87.2913	-4.4384	342.0272	-82.4268	-4.6246	342.3140
686_28	-85.2248	-9.3410	337.5398	-85.5456	-4.5947	338.9355	-87.5438	-6.8344	337.9634	-83.0522	-7.0149	338.8388
686_29	-86.9415	-6.0893	336.5695	-86.7939	-1.3931	338.4110	-89.0762	-3.8293	337.4601	-84.4972	-3.9550	337.5746
686_30	-81.9311	-4.6431	342.9792	-81.9233	-0.1274	344.6744	-84.0090	-2.7245	344.3098	-79.5814	-2.5516	343.6060
686_31	-81.8091	-2.0250	345.9644	-81.2891	-6.0657	343.5563	-79.2614	-3.7287	345.0397	-83.8760	-4.0206	345.0039
686_32	-83.5925	-4.2774	336.6661	-82.5739	-0.4915	338.8798	-84.9510	-2.8089	338.7322	-80.9866	-2.5001	336.7958
686_33	-85.0269	-3.7625	336.5456	-84.9638	-7.2225	333.8526	-82.6263	-5.4391	335.2450	-87.0681	-5.7036	335.3043
696_19	-77.9042	-15.7935	331.6369	-77.8562	-11.1858	331.3787	-75.5944	-13.7876	331.5241	-80.2500	-13.4727	331.4585
696_20	-80.1300	-11.2840	331.6696	-81.2508	-11.2159	327.3254	-79.0882	-9.6974	329.3182	-82.3390	-12.8256	329.8778
696_22	-80.3168	6.4357	322.4802	-79.8478	2.3212	320.1751	-82.3155	4.3887	321.6065	-77.7848	4.6532	321.2070
696_23	-68.6629	-12.0228	324.0340	-68.2673	-7.8060	326.3295	-69.7383	-9.3503	323.6307	-67.0438	-10.9920	326.8065
696_24	-85.0397	-11.9760	336.9637	-83.1748	-7.8987	335.3078	-85.0142	-10.5011	334.2835	-83.1114	-9.5513	338.2837
696_25	-79.6396	-6.4223	342.7238	-79.3801	-10.9723	343.5772	-81.8696	-8.3975	342.9409	-77.3652	-8.5184	343.4830
696_26	-87.2348	-9.8469	339.8703	-86.3156	-5.5296	341.3530	-88.9293	-7.6280	340.9979	-84.6615	-8.0716	340.0087
696_27	-87.7709	-2.4256	347.8300	-88.7798	-6.5955	346.4545	-86.0866	-4.9759	347.3569	-90.2183	-3.7827	346.9515
696_28	-84.7987	-2.0481	345.2756	-85.1914	-6.4514	345.0841	-82.8893	-4.2690	345.6476	-87.0753	-3.9032	344.8474
696_29	-87.1846	-2.3979	343.6100	-87.4431	-6.4463	342.1462	-85.3538	-4.4964	343.2281	-89.4701	-4.0993	342.5605
696_30	-84.3225	-6.8685	340.6150	-84.9773	-2.9282	342.2398	-86.5727	-5.1097	341.0602	-82.6804	-4.9449	342.0041
696_31	-82.7929	-7.4688	336.1891	-82.9190	-4.3803	338.4722	-84.8710	-6.2151	337.5553	-80.8695	-5.8000	337.0126
696_32	-86.4235	-9.0312	336.0858	-87.0508	-6.3912	338.6919	-88.5677	-7.5778	336.5883	-85.2007	-8.0672	338.4909
696_33	-87.0301	-7.8649	342.8823	-86.0785	-10.9482	340.8315	-84.8059	-9.1051	342.5175	-88.5334	-9.6898	341.5097
697_20	-82.5932	-4.9661	338.7584	-83.0850	-9.6797	337.5368	-84.2937	-6.7214	336.5377	-80.7543	-7.8459	339.3679
697_21	-81.7310	-1.6373	334.9749	-80.6543	-5.6503	332.3148	-83.5810	-3.6796	333.3514	-79.1620	-2.8512	333.9094
697_22	-83.1671	-3.8478	333.6778	-82.8279	-8.7181	331.5380	-85.3822	-6.2671	332.9911	-80.8998	-5.7978	332.0977
697_23	-76.5676	-12.7635	331.7345	-77.1830	-8.1878	334.3338	-74.6184	-10.5914	333.3598	-78.8537	-10.6610	332.3092
697_24	-75.3866	-6.3069	331.6556	-76.0959	-2.0150	334.7595	-73.3437	-4.0793	333.2481	-77.6792	-4.5525	333.0285
697_25	-78.8730	-5.4058	326.6621	-79.0407	-10.2940	325.7547	-81.1860	-7.7712	325.9202	-76.6999	-7.8533	326.3891
697_26	-78.1069	-8.8512	335.1257	-78.2053	-4.3535	337.3362	-76.0762	-7.0613	336.5319	-80.2854	-6.5889	335.7039
697_27	-75.6995	-7.0638	332.1056	-76.5222	-2.5517	334.4212	-73.7197	-4.5505	333.1861	-78.2628	-5.4957	333.2988
697_28	-78.4427	-5.5695	337.3301	-77.1874	-10.0422	335.4961	-79.7442	-8.1511	336.5235	-75.7646	-6.9065	336.3337
697_29	-78.7358	-9.9238	336.8476	-78.5764	-5.2679	338.2222	-76.4967	-7.8515	337.3441	-80.7956	-8.0344	337.3494
697_30	-74.1146	-7.7456	337.3057	-75.2226	-3.2392	337.9888	-72.5743	-5.5250	337.9591	-76.5086	-6.3010	337.2675
697_31	-78.6866	-7.8037	337.7681	-79.1610	-3.3162	339.0359	-76.9288	-5.2942	337.6933	-80.9775	-6.0949	338.7308
697_32	-80.6118	-2.8856	337.4365	-79.8911	-7.0381	335.8714	-82.3046	-4.8753	336.2538	-78.3735	-4.6634	336.8922
697_33	-77.5862	0.2237	335.6992	-77.0641	-3.4185	333.5792	-79.2102	-1.4788	334.4811	-75.3197	-1.1791	334.8237
702_19	-86.1625	14.6007	336.1021	-86.4459	10.5573	334.7313	-85.8869	11.9117	337.3398	-87.0489	13.3679	333.7074
702_20	-81.2755	16.5735	337.6809	-81.1607	12.5733	336.3609	-79.5241	15.0077	335.9623	-82.7352	14.1203	338.2419
702_21	-91.5371	10.9375	345.4638	-89.7453	8.5455	342.3690	-89.6985	11.6082	343.7202	-92.2344	8.4726	344.0752
702_22	-77.3586	6.5380	334.2683	-78.5654	10.6537	335.4450	-78.4872	7.6553	336.6201	-77.1455	9.3514	332.9894
702_23	-78.8058	7.2419	334.8164	-80.3096	11.1411	335.8329	-80.1523	8.1112	336.9767	-78.7548	9.7395	333.7207
702_24	-79.5370	7.2823	334.3745	-80.2026	11.3536	335.6873	-80.4759	8.2763	336.5923	-79.2352	9.6913	333.1111
702_25	-82.4995	12.4575	332.0060	-82.9267	8.2929	330.7075	-83.5856	11.0922	329.5850	-81.7365	9.9274	332.9294
702_26	-81.3496	7.2434	334.2593	-81.8186	11.3343	335.4819	-82.4987	8.5834	336.5102	-80.8323	9.8576	333.2637
702_27	-78.5331	9.3638	333.3317	-79.1768	13.2642	334.4566	-79.4998	10.6128	335.6490	-78.3706	11.7833	332.0882
702_28	-81.9153	10.2276	331.3475	-81.7449	14.0089	333.0042	-82.2999	11.2442	333.7964	-81.3413	12.6339	330.3159
702_29	-82.2416	10.9894	331.2387	-81.1866	14.0930	332.2333	-81.8358	12.0271	333.6085	-81.9647	13.1976	329.9410
702_30	-82.4575	11.0093	334.2158	-82.9355	7.4615	332.6416	-81.4232	9.8130	332.1953	-83.7762	9.1269	334.8909
702_31	-82.0065	-1.2482	339.5735	-81.5620	-5.0724	339.2471	-80.8942	-2.7731	337.6823	-82.6105	-3.5221	340.8481
702_32	-79.7932	-1.5193	339.2148	-80.4960	-4.6066	337.1352	-78.5503	-2.5681	337.4568	-81.5002	-3.4015	339.3824
702_33	-86.7696	1.7549	332.8742	-87.0980	-1.7658	331.5939	-85.9222	0.5046	330.8864	-87.5421	-0.5103	333.7671
706_17	-79.3043	-8.4858	336.8873	-77.9321	-11.5595	335.9305	-78.4860	-9.4232	334.8551	-78.6534	-10.3706	337.9635
706_18	-80.1336	-13.5794	327.1384	-79.3150	-16.8703	326.9302	-81.2729	-15.4451	326.8679	-78.2596	-14.7986	326.9774
706_19	-78.0257	-7.5733	328.1053	-77.3140	-10.7421	326.7445	-79.3327	-9.2407	327.3318	-76.0462	-8.6889	327.5375
706_20	-84.5677	-9.4856	334.3147	-85.1601	-6.6330	336.1699	-83.2847	-8.4320	335.7412	-86.3451	-8.1205	334.6187
706_21	-83.3439	-9.2336	333.4772	-82.6368	-12.1472	332.5131	-84.2925	-10.8290	332.4012	-81.4903	-10.6316	333.5144
706_22	-83.3439	-9.2336	333.4772	-82.6368	-12.1472	332.5131	-84.2925	-10.8290	332.4012	-81.4903	-10.6316	333.5144
582_19	-76.8410	3.2068	342.4241	-76.1903	-1.4195	337.5726	-79.5298	1.5831	339.5682	-73.3713	1.4300	340.5804
582_20	-76.5279	3.3450	342.8286	-75.1155	-1.3299	337.7605	-78.6271	1.5740	339.3809	-72.8803	1.0297	341.6361
582_21	-79.3342	0.6271	339.8540	-79.5244	-5.8221	337.0573	-80.7933	-1.0432	335.8813	-77.7681	-3.2307	340.8924
582_22	-81.1418	-8.4644	335.9727	-80.9401	-15.4428	335.3240	-84.1466	-11.5921	335.5414	-78.1233	-11.4536	335.9025
582_23	-82.1864	-0.8268	325.2279	-82.5672	-7.9020	322.9586	-85.7115	-3.6024	324.0331	-79.3182	-3.8525	323.9228
582_24	-74.5535	-6.8395	330.7696	-75.5728	-0.7487	334.8075	-72.1577	-3.7616	332.6067	-78.0884	-4.2484	332.4267
582_25	-84.3808	-6.1999	336.1183	-83.9362	-13.0318	334.1021	-87.1939	-9.3332	334.6386	-81.3444	-9.1284	335.2266
582_26	-77.6167	-1.9586	335.8763	-76.0132	-8.4671	333.8382	-79.7903	-5.3077	334.4209	-74.1473	-4.1706	335.3523
582_27	-81.1964	-4.8155	337.1866	-81.2023	-11.5612	336.0863	-84.0315	-8.0051	336.3259	-78.3410	-7.8847	336.8331
582_28	-78.9570	-0.2600	338.4206	-78.7525	-6.4889	335.8618	-81.7810	-3.1168	337.1519	-76.0559	-2.9185	336.8988
582_29	-75.9147	1.3496	338.3751	-75.0621	-5.0521	336.7726	-78.4563	-1.8705	337.1458	-72.7000	-1.2783	337.8570
582_30	-79.7386	-4.3664	338.9989	-80.2347	1.0396	336.0152	-77.2910	-1.9510	337.1108	-82.8510	-1.9756	337.9631
582_31	-77.8780	-5.3569	335.4314	-78.6230	0.5329	337.1780	-75.4649	-2.3240	336.5863	-80.7968	-3.0472	335.8389
582_32	-79.7766	0.6564	336.4038	-79.4315	-5.2240	335.4637	-82.2067	-2.3830	336.4822	-77.1560	-1.7952	335.4617
582_33	-76.7311	-7.0039	333.2577	-77.3689	-1.4328	334.0550	-74.6619	-4.1468	334.1564	-79.2628	-4.3760	333.0441
677_19	-81.9078	12.0603	340.7258	-79.9956	7.4494	339.9062	-78.9222	11.0974	339.2167	-82.7202	8.8040	341.6638
677_20	-84.3878	12.1996	340.1294	-84.1153	7.6898	337.7659	-84.0695	11.3257	336.9417	-84.0520	9.1353	341.3461
677_21	-86.1912	11.5614	341.5170	-85.4313	6.7240	339.8054	-84.9138	10.2688	338.6349	-86.8500	8.4373	342.7842
677_22	-77.8740	6.2637	344.7776	-76.9968	1.3630	343.6204	-75.7406	4.8878	342.6187	-78.9876	3.2934	346.2750
677_23	-89.6379	-1.6812	343.6529	-88.7263	2.7262	346.4063	-91.2455	-0.0694	346.3006	-86.8886	0.9490	343.9027
677_24	-83.2393	0.7989	343.4583	-83.3949	6.0247	344.3928	-85.6413	2.7461	344.7759	-80.8801	3.2584	343.3106
677_25	-85.9771	4.0582	344.6584	-85.9972	-0.6294	343.0438	-83.5794	1.7772	344.2202	-88.3354	1.6761	343.7253
677_26	-83.0738	1.8445	341.8801	-83.1052	6.5782	344.2000	-85.2987	3.4105	343.3111	-80.5866	4.1650	342.8487
677_27	-85.5091	7.4748	342.5087	-86.4774	2.8292	340.3346	-83.8489	5.6744	340.4455	-87.8678	5.1080	342.8832
677_28	-83.3625	2.1704	338.5908	-82.7109	6.6384	340.8800	-84.2849	3.3984	341.4323	-81.3882	4.8878	337.9149
677_29	-87.1752	2.6687	344.3539	-86.6001	7.3269	346.1744	-89.1195	4.4899	345.9048	-84.5497	4.9157	344.5734
677_30	-81.6979	3.6925	342.0201	-81.9862	8.2178	343.7668	-83.8174	4.9969	344.0133	-79.8953	6.5816	342.0686
677_31	-90.1321	11.2564	346.4090	-90.7378	7.0116	344.6250	-88.2977	8.6383	346.1748	-92.6066	9.6502	345.3618
677_32	-84.2733	6.2421	345.9991	-84.0163	2.1039	343.8011	-82.0232	4.4066	345.2456	-86.3344	3.9689	345.3322
677_33	-79.1484	6.7158	346.0670	-78.8014	2.4068	344.9867	-76.8686	4.7626	345.8559	-81.1196	4.5527	345.4621
684_17	-73.3911	13.2512	340.3747	-73.8432	9.0447	339.0491	-71.4519	10.9490	340.2720	-75.8247	11.4084	339.5298
684_19	-82.8555	19.7599	331.3981	-82.3354	15.5943	329.7585	-81.4553	18.7371	328.8989	-83.6119	16.8967	332.3195
684_20	-75.5341	2.0487	338.0288	-75.6025	-1.8206	335.5504	-73.8801	0.9911	335.8384	-77.2615	-0.5964	338.0273
684_21	-78.7802	7.2869	345.0391	-77.8777	2.7589	343.7146	-76.6008	5.9583	343.2562	-80.0781	4.1612	345.8975
684_22	-83.9206	2.5294	336.1694	-84.4524	6.9104	338.1542	-86.3198	4.1070	337.3873	-82.1856	4.7359	336.7791
684_24	-84.4627	19.4383	334.7895	-85.1014	17.1630	338.9307	-85.2292	16.6139	335.5127	-83.8573	20.0088	337.7300
684_25	-83.9727	15.7819	338.1496	-82.3308	17.4709	334.0960	-82.6057	18.4506	337.1387	-83.1628	14.6046	335.3605
684_26	-88.5126	13.6945	340.8614	-84.5870	14.2880	338.6856	-86.4742	15.8934	340.7177	-86.5751	12.0358	339.1987
684_27	-83.7063	9.5560	338.0106	-87.8638	8.8184	339.1111	-85.5103	7.2976	337.4416	-85.6138	10.9680	339.8873
684_29	-90.1507	14.5442	341.0760	-86.0911	14.9265	339.6924	-88.0535	16.3205	341.5948	-88.3184	13.0513	339.4401
684_30	-89.4761	13.0924	343.3608	-85.7908	14.3083	341.7643	-87.6910	15.2016	343.6433	-87.6156	11.9869	341.4471
25273_10	-75.7030	2.8976	339.1032	-75.3050	-5.9093	335.2249	-78.8869	-2.1885	340.4951	-72.2130	0.2412	333.9009
25273_11	-78.8805	3.6582	345.6298	-78.5083	-6.4716	344.7868	-83.4205	-1.0955	344.4980	-74.0102	-1.4602	345.6971
25273_12	-77.8847	-13.6392	346.1618	-76.5544	-3.9732	347.9291	-72.4839	-9.6358	347.3639	-81.8424	-8.3787	346.6778
25273_13	-73.5806	-9.0491	348.1688	-70.7760	0.3437	347.8922	-67.6915	-6.0139	347.4390	-76.7256	-3.1688	347.7420
25273_14	-73.2805	-3.0046	346.2986	-72.7135	-11.7983	350.1171	-77.4365	-7.6905	346.6821	-68.7760	-7.1514	348.7099
25273_15	-79.0077	-1.3467	343.6449	-78.3323	7.1891	347.3188	-76.0930	0.8861	348.5714	-81.2185	4.5937	341.8934
25273_16	-78.3258	-0.2693	342.0306	-79.9057	8.1882	344.9130	-75.4607	3.5736	345.5941	-82.3344	4.1591	340.4066
25273_17	-78.0770	-2.3603	338.4680	-78.7814	5.7921	343.8933	-76.6807	-1.0163	344.0782	-79.7955	4.2873	337.8526
25273_18	-75.3161	-5.5586	345.6571	-75.6872	2.7901	346.8761	-72.3286	-1.8662	348.6490	-78.1933	-0.9494	343.1535
25273_19	-74.4773	-5.4427	346.5254	-73.3471	2.6443	347.8567	-70.6976	-2.5098	349.4600	-76.4220	-0.4937	343.9129
25273_20	-74.3406	-2.1054	345.1603	-73.6920	5.7974	345.5936	-70.4679	1.0659	347.0885	-77.0077	2.2350	343.3083
25273_21	-74.8150	-6.7406	341.9913	-75.7057	1.2796	341.9904	-75.9982	-2.9624	338.2982	-74.3863	-3.0822	345.6344
50002_10	-78.6534	-11.9727	343.7451	-79.1652	-18.2773	341.6014	-79.3827	-13.5709	339.6131	-77.9026	-16.3966	345.7643
50002_11	-72.0137	-16.2683	337.8648	-73.9030	-10.3182	339.6444	-71.7695	-14.0929	341.9860	-73.6158	-12.6945	335.3627
50002_12	-86.1300	-10.3817	328.4707	-87.0209	-4.5166	330.7121	-85.6186	-8.6825	332.6130	-86.9837	-6.4234	326.3315
50002_13	-84.5029	-5.7656	334.7540	-84.7585	-11.3364	332.5017	-85.0729	-7.5355	330.6381	-83.7665	-9.9247	336.2866
50002_14	-81.1276	-10.9827	340.3928	-82.4300	-16.6199	339.9992	-82.7297	-13.1583	337.2939	-80.1738	-14.0590	343.0880
50002_15	-87.4447	-8.0285	334.7643	-86.5744	-2.2140	335.0573	-86.3753	-5.6368	337.9761	-87.2889	-5.3487	331.8006
50002_16	-78.8002	-3.7463	338.1201	-79.7894	-9.0213	336.5096	-79.5379	-5.2071	334.7150	-78.5421	-7.5664	340.0045
50002_17	-80.5566	-12.7019	339.7496	-79.9100	-7.3811	341.0348	-77.8971	-11.3234	341.9526	-81.8536	-9.5975	338.0096
50002_5	-75.6871	-6.7923	348.8413	-75.8069	-13.4826	345.9456	-78.9143	-9.0830	346.5412	-71.8512	-10.2903	348.0253
50002_6	-75.8674	-9.3513	345.6683	-75.0946	-15.0665	341.8694	-74.5400	-9.7723	341.1144	-75.8176	-14.4504	346.8826
50002_7	-86.4961	-16.4514	326.3802	-88.3126	-10.6832	330.2279	-84.5320	-14.0844	330.2097	-89.9223	-12.9160	326.0347
50002_8	-94.3518	-18.4922	330.4221	-94.4884	-12.1806	333.2045	-94.9217	-16.7338	334.9232	-93.1250	-13.9396	328.8147
50002_9	-81.5216	-19.9138	340.8712	-81.3932	-13.4651	343.7165	-81.1644	-18.3388	345.5802	-81.0076	-14.9781	339.0124
50003_17	-86.5663	-0.3643	338.7080	-87.0118	-6.5465	338.1884	-86.5262	-2.8963	335.4435	-86.9546	-3.3388	341.5552
50003_18	-86.5663	-0.3643	338.7080	-87.0118	-6.5465	338.1884	-86.5262	-2.8963	335.4435	-86.9546	-3.3388	341.5552
50003_19	-88.0952	-7.2540	332.6451	-88.7832	-12.4472	329.1496	-85.4205	-9.3749	330.2634	-91.3831	-9.7525	331.9446
50003_20	-85.7226	-10.8486	328.0443	-86.0093	-5.2265	331.0757	-88.7887	-8.6892	330.0074	-83.0311	-8.1376	328.6644
50003_21	-89.0019	-9.9604	329.9911	-88.1913	-4.4827	333.3420	-90.0510	-8.8124	333.9143	-87.0828	-6.2768	329.3226
50003_22	-88.3207	-8.8479	335.7695	-89.0085	-14.1108	332.5235	-87.0841	-9.9933	331.9529	-90.1829	-12.2433	336.8000
50003_23	-86.0543	-4.1833	332.5846	-88.7089	-8.6001	328.9409	-85.0291	-5.7234	329.1707	-89.5068	-6.5452	333.0042
50003_24	-86.4930	-7.2462	330.0969	-84.7592	-2.1882	331.6292	-86.7375	-5.5045	333.4531	-84.3375	-4.7972	328.3636
50003_25	-85.5755	-5.8846	328.7699	-83.7490	-1.6581	331.7412	-86.2928	-4.9594	332.1369	-82.8046	-3.5348	328.1701
50003_26	-88.8474	-6.7364	332.2377	-86.6569	-2.7718	335.1243	-89.6284	-5.4457	335.5739	-85.9056	-4.8796	332.0042
685_20	-109.8077	-13.4092	394.0202	-111.3240	-7.7706	395.2047	-111.8588	-11.5353	396.9464	-109.0489	-9.8674	392.6766
685_21	-106.8597	0.8490	399.1348	-105.8765	-4.7780	397.1819	-104.3322	-0.5808	396.5909	-108.2868	-2.5346	400.1887
685_22	-104.2780	-4.1812	402.3861	-104.7375	-9.7885	399.4979	-103.2202	-5.7603	398.6996	-105.5421	-7.9819	403.4329
685_23	-102.8745	-7.1439	391.3676	-105.9397	-2.3451	393.6437	-104.7387	-6.4275	394.6836	-103.4043	-3.4128	390.3242
685_24	-112.2391	-8.9555	389.8857	-113.0827	-2.9858	391.5795	-113.0964	-6.9105	393.1815	-111.7571	-5.2079	388.2076
685_25	-116.4581	-11.9326	385.2487	-115.5686	-6.1506	387.2380	-113.9276	-9.0148	384.5517	-118.4588	-9.5092	387.5124
685_26	-106.8623	-11.1784	394.1165	-103.4326	-16.1263	392.9272	-103.7375	-13.2607	395.7914	-106.7039	-14.4504	391.4699
685_27	-114.3762	-7.1729	384.0771	-115.2903	-1.3800	384.8684	-112.4683	-3.9509	383.3000	-117.1463	-5.1251	385.2349
685_28	-107.3726	-8.7294	397.8901	-106.0344	-13.9895	395.9276	-104.4327	-10.2354	396.2277	-109.0087	-11.9749	398.1677
685_29	-116.0312	-10.5057	384.5810	-116.9592	-5.0486	384.1195	-118.7625	-8.4861	385.0197	-114.0215	-7.8054	383.1745
685_30	-113.4717	-9.8963	394.6319	-112.7978	-4.6690	396.2374	-115.3751	-7.7658	396.6482	-110.5933	-7.5608	394.6536
685_31	-111.9121	-8.4979	393.5397	-112.1612	-3.6515	395.9996	-114.1151	-6.9934	396.0103	-109.6320	-6.0210	394.1445
685_32	-112.2361	-10.0072	397.3372	-112.5223	-5.5405	399.7210	-114.4204	-8.6746	399.4487	-110.1737	-7.6005	397.9073
685_33	-108.8812	-6.9994	396.9236	-113.1934	-4.6948	398.5618	-111.5889	-8.0859	398.9179	-110.0766	-3.9831	397.0549
689_20	-77.8213	-8.1604	357.9650	-79.1712	-2.3015	358.5320	-76.0730	-4.6336	356.6256	-81.0194	-5.9879	359.2654
689_21	-77.3164	3.0353	371.6958	-77.2672	-2.7799	369.7624	-74.4346	0.7137	369.9867	-80.0131	-0.1779	371.7847
689_22	-71.6323	5.5917	365.2234	-70.3360	0.1713	362.0938	-69.1094	4.3322	362.0670	-72.6108	1.6412	365.5809
689_23	-68.7578	-5.7854	368.8922	-71.6877	-0.0458	368.8250	-72.0537	-4.4578	370.6670	-67.8030	-2.1972	367.3403
689_24	-77.5583	-11.4983	370.7923	-78.5064	-5.3702	371.4971	-80.3330	-9.1024	372.7032	-75.5634	-8.2332	369.7534
689_25	-94.1729	-7.3894	376.4954	-93.6699	-13.2318	374.9717	-91.6560	-10.3284	377.4325	-96.3853	-9.9526	374.5627
689_26	-94.1729	-7.3894	376.4954	-93.6699	-13.2318	374.9717	-91.6560	-10.3284	377.4325	-96.3853	-9.9526	374.5627
689_27	-93.5851	-6.9867	369.7772	-93.2011	-11.5772	366.4580	-90.8764	-9.4046	368.9383	-96.0373	-8.8783	367.8594
689_28	-92.5911	-5.0538	373.3130	-92.1305	-10.4212	372.1208	-90.1502	-7.5401	373.8694	-95.1018	-7.6308	372.0425
689_29	-85.0150	-13.8293	366.0261	-84.1677	-8.3078	365.3570	-82.1006	-11.5095	365.9052	-87.1776	-11.0123	364.9731
689_30	-85.8849	-13.7379	368.3958	-85.9618	-8.8520	370.7250	-88.6103	-11.2704	369.2495	-83.4704	-11.8226	370.1672
689_32	-82.0820	-2.9509	362.3535	-80.9934	-7.7647	362.1896	-83.9330	-5.7183	361.7770	-79.4017	-4.8851	362.5794
689_33	-86.1942	-3.5334	371.4336	-86.4005	-8.6722	371.0846	-83.9292	-6.2386	372.1013	-88.7803	-5.5657	370.9339
692_21	-113.6234	3.0755	387.1845	-113.3529	-0.8141	385.4856	-111.8591	1.8211	385.2392	-114.9691	0.7025	387.5574
692_22	-112.9667	0.8250	390.0894	-113.0513	-3.2161	388.8813	-110.7175	-1.0196	389.4246	-115.0146	-1.0446	389.8664
692_23	-108.7466	-12.3955	384.3857	-109.6442	-8.6181	386.3202	-111.0760	-11.3492	385.7316	-107.1990	-9.8025	384.9290
692_24	-109.3182	-11.5252	386.4069	-109.2791	-14.8308	383.7234	-107.4706	-12.3717	384.4198	-111.2346	-13.8604	385.8080
692_25	-112.3072	-8.7950	383.9041	-112.3079	-4.9338	385.5755	-114.1386	-7.3332	385.1896	-110.5513	-6.3503	383.7652
692_26	-108.4666	-5.1065	389.9661	-107.6005	-9.0879	388.7771	-106.1300	-6.3552	388.5522	-109.6331	-7.7981	390.3051
692_27	-107.8226	-8.3692	386.2811	-108.7930	-4.4680	387.2108	-109.6159	-7.1473	388.3237	-106.8206	-5.6067	385.6151
692_28	-110.8449	-9.2519	387.4883	-111.8021	-5.6569	389.0946	-113.1664	-8.0998	388.6244	-109.3793	-6.9310	388.2602
692_29	-110.3666	-5.3516	388.2499	-111.4577	-1.6021	389.0398	-112.4429	-4.2327	389.6087	-109.1311	-2.8999	388.0499
692_30	-112.6151	-2.2783	388.4765	-112.1072	-5.8927	387.5439	-110.5731	-3.6517	386.9988	-113.7038	-4.3043	389.1766
692_32	-105.7530	-7.2257	396.0970	-106.1129	-3.8744	397.3029	-107.6523	-5.9738	397.2723	-104.0430	-5.2521	396.2204
692_33	-106.7458	-8.5944	395.7530	-106.6587	-5.5175	397.4078	-108.5748	-7.5565	397.2907	-104.5723	-6.9557	396.1819
690_21	-102.3391	5.2453	447.7688	-103.3776	10.6666	444.6559	-105.7314	7.4676	446.7385	-99.9259	8.2528	445.8113
690_22	-102.9577	4.0872	446.2438	-103.3459	10.2942	444.7361	-105.8443	6.5406	445.8396	-100.2636	6.7573	445.1460
690_23	-110.4942	-0.1979	448.8788	-109.3122	6.3668	447.8327	-112.4860	3.0342	447.3244	-107.2107	2.3892	449.6161
690_24	-102.7412	0.0652	434.8569	-102.9216	6.1054	436.8615	-105.4807	2.7890	434.7775	-99.9498	2.6835	436.8585
690_25	-102.3800	6.7668	434.8721	-102.1974	0.3732	434.4415	-105.0536	3.7373	434.1804	-99.4740	3.7162	434.9900
690_26	-105.8583	7.3424	446.0817	-105.3910	1.2007	445.8263	-102.8779	4.3191	446.8799	-108.3125	4.2835	445.2534
690_27	-106.4421	9.4291	443.3148	-106.5554	3.3767	442.1857	-103.8831	6.6446	443.2337	-109.0189	6.8548	441.9585
690_28	-94.1700	-5.7101	425.5264	-94.9292	-0.5284	428.4671	-93.0167	-4.0384	428.8775	-96.0594	-2.3956	424.7783
690_29	-75.2944	-6.0108	266.8488	-75.3338	-11.7247	266.8889	-72.9498	-8.7525	267.4966	-77.7885	-8.9571	266.1488
690_31	-77.8062	-8.3583	260.3419	-72.9547	-8.5332	261.0881	-75.3936	-10.6766	259.5634	-75.5779	-5.7880	261.8854
690_33	-68.4041	-13.8791	247.6299	-72.1348	-10.3249	246.8341	-68.6628	-11.2095	245.9485	-71.5169	-13.3242	248.7255
671_20	-77.8087	1.1534	395.5343	-76.1092	-4.1060	394.3527	-78.3539	-2.2529	397.3544	-75.8766	-0.5040	392.3398
671_21	-77.4731	-0.5030	396.1327	-79.1051	-5.7936	394.0380	-76.7769	-2.3878	392.8708	-78.9174	-3.5054	398.3333
671_22	-77.6295	-15.2698	385.1600	-78.8238	-9.9982	387.9551	-77.9769	-11.4089	383.8998	-79.3835	-14.3917	388.7472
671_23	-86.6319	-8.5929	389.6515	-85.6198	-14.0830	387.6228	-86.5049	-11.8608	391.4432	-86.2517	-9.9129	385.9478
671_24	-77.6648	-2.5482	385.1884	-75.1163	-8.0728	384.1894	-77.4282	-5.9563	387.2543	-76.0700	-4.2744	381.8009
671_25	-75.0946	-1.2063	395.2969	-73.9404	-7.0501	394.1215	-76.2499	-4.5443	397.0715	-73.3961	-3.1338	392.2859
671_26	-71.6379	-4.4115	393.2513	-71.3153	1.4442	393.9675	-70.5540	-1.6100	390.8443	-72.6947	-2.0702	396.1721
671_27	-77.4278	-3.7301	389.1825	-78.2170	1.7975	391.3123	-77.7052	-0.1764	387.6560	-78.2629	-2.1733	392.7657
671_28	-74.0579	0.4816	388.5370	-71.7452	-4.5585	386.2810	-73.1189	-2.8884	390.1839	-73.1282	-0.6281	384.9733
671_29	-79.5305	1.9111	390.6313	-77.4679	-3.1896	389.4691	-80.4177	-1.6274	391.9069	-77.1784	0.7181	388.2299
671_30	-76.4357	-3.9080	388.5790	-78.2431	1.0836	390.5396	-77.0447	-0.5250	387.0015	-77.8757	-2.9879	391.8216
671_31	-77.1835	4.7995	385.6834	-75.0281	-0.1809	384.1492	-76.7790	1.6108	387.4587	-76.0513	3.4202	382.5167
671_32	-78.1155	2.3011	388.9558	-79.3044	7.3707	390.0742	-77.9123	5.4150	387.0873	-79.7085	3.7926	391.7448
671_33	-79.9122	0.0217	383.3670	-82.0615	4.4712	384.6592	-79.8352	3.3012	381.8741	-82.2286	0.6600	385.8177
671_34	-80.9442	-0.6986	388.4932	-85.4743	-2.6898	388.9213	-83.7684	-1.1191	386.3071	-82.5439	-2.4356	391.1229
673_21	-81.7208	-7.6141	391.7342	-80.4605	-2.9248	393.3254	-80.9593	-6.3330	394.9828	-80.8679	-4.8575	389.7588
673_22	-84.8239	2.8417	394.7917	-83.7597	-2.5068	393.6172	-85.1353	-0.2977	396.5844	-83.9811	0.9826	391.8206
673_23	-81.1773	-9.3012	395.3229	-82.7422	-4.1996	396.5924	-80.9578	-6.2846	393.4897	-82.9698	-7.8972	398.1444
673_24	-89.1291	-5.3422	393.7910	-89.2438	-0.2387	395.4514	-88.7801	-2.5146	391.9829	-89.8413	-3.4401	396.9003
673_25	-89.5437	-6.1904	397.2428	-89.4023	-1.1563	399.0895	-89.3290	-3.0349	395.7467	-89.9450	-4.8643	400.5540
673_28	-89.1888	-2.0429	398.5517	-88.0055	-6.9928	398.2800	-89.5857	-4.6366	400.2937	-88.3089	-4.3626	395.9933
673_29	-86.8536	-1.2586	389.6009	-87.8471	3.3066	391.3446	-87.0697	1.7205	388.0996	-88.7870	-0.2738	392.4344
673_30	-73.4360	-1.0510	397.5005	-73.3880	3.4726	399.6232	-74.4045	0.1549	400.4412	-71.9224	2.0683	396.8694
673_32	-85.8775	-3.1013	394.2530	-87.6883	0.7923	394.3342	-85.4306	-0.6230	392.5615	-87.9359	-1.7203	396.2133
673_33	-85.9511	-1.4351	390.5333	-87.3473	2.4230	391.8456	-85.7287	1.3764	389.7680	-87.3253	-0.3478	392.9336
