ID	x1	y1	z1	x2	y2	z2	x4	y4	z4	x5	y5	z5	x6	y6	z6	x8	y8	z8
2005.27.152.CV1	-64.4660	-14.5646	333.6047	-59.6632	-17.1617	329.5509	-64.6010	-15.5036	329.2636	-62.2968	-7.9588	331.2112	-57.6470	-10.8615	327.2659	-62.1673	-9.6753	327.1232
686_19	-85.3583	-3.0526	344.4688	-84.4379	-7.5262	341.6902	-82.6454	-4.4603	342.5817	-86.5505	-0.4296	340.3421	-86.0002	-4.9757	337.5255	-88.9731	-3.2964	339.5772
686_20	-85.3386	-1.4898	340.8342	-85.7277	-6.7385	339.6998	-83.3032	-4.0027	338.9195	-87.6276	-0.1316	336.4165	-88.0195	-5.3958	335.3088	-90.1915	-2.6868	337.1290
686_21	-84.4403	-6.2923	341.0187	-84.8590	-10.6272	338.1483	-82.2954	-7.9652	338.5700	-86.7300	-3.3779	337.3612	-87.0539	-7.9152	334.4198	-89.1519	-5.9633	337.1026
686_22	-85.0298	-12.7956	340.9026	-85.8389	-16.7911	336.7725	-83.0439	-14.2025	337.7678	-87.1637	-8.9579	337.3889	-87.5873	-13.1952	333.4737	-89.6360	-11.6670	336.4413
686_23	-88.4196	-15.2865	333.3300	-87.9260	-10.5413	336.0739	-90.7626	-12.9208	335.1037	-89.4612	-12.7196	328.7155	-88.7423	-7.7304	331.6618	-86.6695	-10.3704	329.6335
686_24	-82.8332	-13.5111	338.1837	-82.8076	-7.8769	339.4608	-85.3408	-10.9892	339.6083	-84.6881	-12.3462	333.4637	-84.5805	-6.9969	334.9150	-82.2824	-9.6521	333.2495
686_25	-80.2337	-10.9958	343.7228	-80.9349	-5.7196	345.1435	-82.7452	-8.7336	344.1617	-79.8616	-10.0115	338.8329	-80.7214	-4.7378	340.2466	-77.8872	-7.2273	339.6611
686_26	-88.6850	-14.1809	339.7441	-88.7522	-9.0321	341.7094	-91.0562	-11.8715	340.6393	-88.9898	-12.2936	334.7513	-89.0259	-7.3325	337.0255	-86.7226	-10.0781	335.8984
686_27	-85.4248	-7.4325	346.8193	-85.1239	-2.0574	347.4751	-87.5288	-4.7534	346.8779	-85.0323	-6.9866	341.7639	-84.7935	-1.7895	342.5327	-82.4268	-4.6246	342.3140
686_28	-85.9730	-10.9157	342.1837	-86.3257	-5.9776	343.9593	-88.5577	-8.4466	342.4773	-85.2248	-9.3410	337.5398	-85.5456	-4.5947	338.9355	-83.0522	-7.0149	338.8388
686_29	-86.7829	-7.5695	341.1278	-86.9671	-2.7619	342.8127	-89.2060	-5.2888	341.9661	-86.9415	-6.0893	336.5695	-86.7939	-1.3931	338.4110	-84.4972	-3.9550	337.5746
686_30	-81.0593	-5.9869	347.3360	-81.1352	-1.1915	349.0937	-83.2350	-3.9010	348.5279	-81.9311	-4.6431	342.9792	-81.9233	-0.1274	344.6744	-79.5814	-2.5516	343.6060
686_31	-81.9714	-4.5115	349.4070	-81.4102	-8.5962	346.7057	-79.6289	-6.4839	348.3696	-81.8091	-2.0250	345.9644	-81.2891	-6.0657	343.5563	-83.8760	-4.0206	345.0039
686_32	-81.7905	-6.7415	339.6325	-80.6860	-2.5778	341.8481	-83.4670	-4.9000	341.7905	-83.5925	-4.2774	336.6661	-82.5739	-0.4915	338.8798	-80.9866	-2.5001	336.7958
686_33	-84.8347	-6.1725	339.3549	-84.6953	-9.5843	336.6620	-82.5385	-7.7795	338.1814	-85.0269	-3.7625	336.5456	-84.9638	-7.2225	333.8526	-87.0681	-5.7036	335.3043
696_19	-77.7329	-15.8591	326.3860	-77.7669	-11.3518	326.2031	-75.5752	-13.9734	326.3015	-77.9042	-15.7935	331.6369	-77.8562	-11.1858	331.3787	-80.2500	-13.4727	331.4585
696_20	-76.9448	-14.9649	330.7125	-77.9231	-14.9002	326.5043	-75.7826	-13.3172	328.3341	-80.1300	-11.2840	331.6696	-81.2508	-11.2159	327.3254	-82.3390	-12.8256	329.8778
696_22	-80.7593	8.5973	317.4371	-80.6482	4.3591	315.5720	-82.9199	6.3608	316.8538	-80.3168	6.4357	322.4802	-79.8478	2.3212	320.1751	-77.7848	4.6532	321.2070
696_23	-72.6365	-13.1319	327.2574	-72.1884	-8.7097	329.4543	-73.8068	-10.0587	326.9503	-68.6629	-12.0228	324.0340	-68.2673	-7.8060	326.3295	-67.0438	-10.9920	326.8065
696_24	-89.2947	-8.9919	338.3804	-87.1915	-5.0533	336.7596	-89.0168	-7.4381	335.4514	-85.0397	-11.9760	336.9637	-83.1748	-7.8987	335.3078	-83.1114	-9.5513	338.2837
696_25	-79.4722	-7.8398	337.8744	-79.1143	-12.5240	338.6155	-81.1945	-10.1687	337.8557	-79.6396	-6.4223	342.7238	-79.3801	-10.9723	343.5772	-77.3652	-8.5184	343.4830
696_26	-86.2027	-11.1834	344.9319	-85.1686	-6.7425	346.1627	-87.9681	-8.7783	345.9057	-87.2348	-9.8469	339.8703	-86.3156	-5.5296	341.3530	-84.6615	-8.0716	340.0087
696_27	-88.6316	-3.8712	352.2926	-89.7082	-8.1533	350.9991	-86.8273	-6.4262	352.0777	-87.7709	-2.4256	347.8300	-88.7798	-6.5955	346.4545	-90.2183	-3.7827	346.9515
696_28	-85.6012	-2.9221	350.0766	-86.0185	-7.2360	349.9814	-83.8250	-5.0483	350.1829	-84.7987	-2.0481	345.2756	-85.1914	-6.4514	345.0841	-87.0753	-3.9032	344.8474
696_29	-88.2671	-4.2057	347.6565	-88.5221	-8.2015	346.1600	-86.3717	-6.4100	347.3440	-87.1846	-2.3979	343.6100	-87.4431	-6.4463	342.1462	-89.4701	-4.0993	342.5605
696_30	-85.3514	-8.4688	344.7256	-85.9444	-4.4805	346.3398	-87.6299	-6.5245	344.9167	-84.3225	-6.8685	340.6150	-84.9773	-2.9282	342.2398	-82.6804	-4.9449	342.0041
696_31	-82.1127	-10.0815	339.3561	-82.1289	-6.9533	341.9321	-84.1338	-8.5595	340.9657	-82.7929	-7.4688	336.1891	-82.9190	-4.3803	338.4722	-80.8695	-5.8000	337.0126
696_32	-88.0373	-11.6626	339.0496	-88.7014	-8.4545	341.4614	-90.2796	-9.9200	339.3567	-86.4235	-9.0312	336.0858	-87.0508	-6.3912	338.6919	-85.2007	-8.0672	338.4909
696_33	-87.3208	-10.1790	345.7255	-86.4358	-13.4256	343.7201	-85.0363	-11.3350	345.1788	-87.0301	-7.8649	342.8823	-86.0785	-10.9482	340.8315	-88.5334	-9.6898	341.5097
697_20	-79.1848	-4.4817	334.9100	-79.7235	-9.1919	333.6461	-81.0268	-6.2634	332.9245	-82.5932	-4.9661	338.7584	-83.0850	-9.6797	337.5368	-80.7543	-7.8459	339.3679
697_21	-81.9222	0.7826	330.5571	-80.8085	-3.1572	327.7786	-83.5704	-1.7015	329.0155	-81.7310	-1.6373	334.9749	-80.6543	-5.6503	332.3148	-79.1620	-2.8512	333.9094
697_22	-84.4731	-2.2778	328.8441	-84.2050	-6.8562	326.6491	-86.4721	-4.8451	328.3685	-83.1671	-3.8478	333.6778	-82.8279	-8.7181	331.5380	-80.8998	-5.7978	332.0977
697_23	-75.2514	-10.0184	327.5097	-76.1628	-5.6102	330.2241	-73.5529	-8.0371	329.4015	-76.5676	-12.7635	331.7345	-77.1830	-8.1878	334.3338	-78.8537	-10.6610	332.3092
697_24	-75.0884	-2.8503	327.5475	-76.1689	1.0168	331.0144	-73.3474	-0.8352	329.5521	-75.3866	-6.3069	331.6556	-76.0959	-2.0150	334.7595	-77.6792	-4.5525	333.0285
697_25	-78.4884	-4.3246	321.3647	-78.7410	-9.5479	320.6587	-80.7743	-6.8871	320.9920	-78.8730	-5.4058	326.6621	-79.0407	-10.2940	325.7547	-76.6999	-7.8533	326.3891
697_26	-76.8845	-6.4842	331.1653	-77.0959	-2.0959	333.3162	-74.9378	-4.4780	332.7512	-78.1069	-8.8512	335.1257	-78.2053	-4.3535	337.3362	-80.2854	-6.5889	335.7039
697_27	-76.0023	-4.3932	327.5695	-76.7885	-0.0259	330.5205	-74.0540	-2.1303	329.0696	-75.6995	-7.0638	332.1056	-76.5222	-2.5517	334.4212	-78.2628	-5.4957	333.2988
697_28	-79.2488	-3.7626	332.8967	-77.9221	-8.2127	330.8707	-80.7221	-6.4015	332.0309	-78.4427	-5.5695	337.3301	-77.1874	-10.0422	335.4961	-75.7646	-6.9065	336.3337
697_29	-78.7000	-8.1527	332.0233	-78.6067	-3.4524	334.0090	-76.5180	-5.6941	332.9148	-78.7358	-9.9238	336.8476	-78.5764	-5.2679	338.2222	-80.7956	-8.0344	337.3494
697_30	-73.6465	-6.3862	332.6844	-74.8205	-1.7091	333.7779	-72.0028	-3.8259	333.7586	-74.1146	-7.7456	337.3057	-75.2226	-3.2392	337.9888	-76.5086	-6.3010	337.2675
697_31	-80.0391	-6.2299	333.5678	-80.5544	-1.6209	334.8900	-78.0857	-3.8379	333.7310	-78.6866	-7.8037	337.7681	-79.1610	-3.3162	339.0359	-80.9775	-6.0949	338.7308
697_32	-79.9330	-1.8855	333.0354	-79.2320	-6.1487	331.8743	-81.6264	-4.0820	332.2192	-80.6118	-2.8856	337.4365	-79.8911	-7.0381	335.8714	-78.3735	-4.6634	336.8922
697_33	-77.6513	2.2247	332.2008	-76.7397	-1.7072	329.9935	-78.9911	-0.1853	330.7473	-77.5862	0.2237	335.6992	-77.0641	-3.4185	333.5792	-75.3197	-1.1791	334.8237
702_19	-90.4024	14.0243	337.2662	-90.5058	10.1980	335.9117	-89.9379	11.6052	338.4275	-86.1625	14.6007	336.1021	-86.4459	10.5573	334.7313	-87.0489	13.3679	333.7074
702_20	-78.9174	15.2828	340.9883	-78.7898	11.1537	339.8293	-77.1663	13.4233	339.5797	-81.2755	16.5735	337.6809	-81.1607	12.5733	336.3609	-82.7352	14.1203	338.2419
702_21	-89.5003	8.4686	348.3984	-87.4477	6.3971	345.1292	-86.7908	8.6784	346.7761	-91.5371	10.9375	345.4638	-89.7453	8.5455	342.3690	-92.2344	8.4726	344.0752
702_22	-73.4241	7.5867	336.1414	-74.6990	11.6365	337.1867	-74.7246	8.7465	338.4271	-77.3586	6.5380	334.2683	-78.5654	10.6537	335.4450	-77.1455	9.3514	332.9894
702_23	-74.9945	7.9694	336.9010	-76.5814	12.0794	337.8428	-76.3909	9.0151	339.0306	-78.8058	7.2419	334.8164	-80.3096	11.1411	335.8329	-78.7548	9.7395	333.7207
702_24	-75.3954	7.4365	335.6967	-76.1108	11.5719	337.0882	-76.4878	8.6348	338.1379	-79.5370	7.2823	334.3745	-80.2026	11.3536	335.6873	-79.2352	9.6913	333.1111
702_25	-78.4333	12.5101	330.0681	-79.2586	8.3260	329.0312	-79.7514	11.2661	327.9239	-82.4995	12.4575	332.0060	-82.9267	8.2929	330.7075	-81.7365	9.9274	332.9294
702_26	-77.5866	7.0288	336.4594	-78.2370	11.2719	337.4768	-78.9487	8.3528	338.6371	-81.3496	7.2434	334.2593	-81.8186	11.3343	335.4819	-80.8323	9.8576	333.2637
702_27	-74.5373	9.3545	334.9532	-75.4359	13.4463	335.9850	-75.4736	10.3962	337.0043	-78.5331	9.3638	333.3317	-79.1768	13.2642	334.4566	-78.3706	11.7833	332.0882
702_28	-77.9256	9.7725	332.1572	-77.8694	13.6855	333.8191	-78.4488	10.8098	334.7483	-81.9153	10.2276	331.3475	-81.7449	14.0089	333.0042	-81.3413	12.6339	330.3159
702_29	-78.3120	10.3827	331.0128	-77.8706	14.3180	332.1176	-77.9263	11.5056	333.2945	-82.2416	10.9894	331.2387	-81.1866	14.0930	332.2333	-81.9647	13.1976	329.9410
702_30	-79.6678	9.6798	336.2743	-80.3612	6.6538	334.7363	-78.5567	8.4255	334.1657	-82.4575	11.0093	334.2158	-82.9355	7.4615	332.6416	-83.7762	9.1269	334.8909
702_31	-78.6769	-1.0781	340.8657	-78.2289	-5.0434	340.6243	-77.5414	-2.7154	339.0418	-82.0065	-1.2482	339.5735	-81.5620	-5.0724	339.2471	-82.6105	-3.5221	340.8481
702_32	-78.0677	-3.4154	341.4272	-78.7910	-6.6603	339.3605	-76.5852	-4.6466	339.6963	-79.7932	-1.5193	339.2148	-80.4960	-4.6066	337.1352	-81.5002	-3.4015	339.3824
702_33	-83.9974	1.1887	334.2451	-84.2465	-2.4487	332.8485	-83.1049	0.0095	332.2322	-86.7696	1.7549	332.8742	-87.0980	-1.7658	331.5939	-87.5421	-0.5103	333.7671
706_17	-76.1156	-7.3454	337.2902	-74.8235	-10.3959	336.4134	-75.3123	-8.4170	335.2969	-79.3043	-8.4858	336.8873	-77.9321	-11.5595	335.9305	-78.6534	-10.3706	337.9635
706_18	-80.0703	-13.3202	323.7876	-79.3254	-16.6711	323.6968	-81.3000	-15.1746	323.5362	-80.1336	-13.5794	327.1384	-79.3150	-16.8703	326.9302	-78.2596	-14.7986	326.9774
706_19	-77.8736	-6.4357	324.7426	-77.4085	-9.6207	323.7158	-79.1341	-8.2923	324.2107	-78.0257	-7.5733	328.1053	-77.3140	-10.7421	326.7445	-76.0462	-8.6889	327.5375
706_20	-83.5757	-7.2116	331.9221	-84.2470	-4.5869	333.8309	-82.3071	-5.9942	333.3936	-84.5677	-9.4856	334.3147	-85.1601	-6.6330	336.1699	-86.3451	-8.1205	334.6187
706_21	-82.0714	-8.2179	330.5597	-81.6188	-11.2854	329.7156	-83.4094	-10.0270	329.5484	-83.3439	-9.2336	333.4772	-82.6368	-12.1472	332.5131	-81.4903	-10.6316	333.5144
706_22	-82.0714	-8.2179	330.5597	-81.6188	-11.2854	329.7156	-83.4094	-10.0270	329.5484	-83.3439	-9.2336	333.4772	-82.6368	-12.1472	332.5131	-81.4903	-10.6316	333.5144
582_19	-75.8812	8.4300	337.3254	-75.3344	3.8132	332.6414	-78.4802	6.8546	334.5917	-76.8410	3.2068	342.4241	-76.1903	-1.4195	337.5726	-73.3713	1.4300	340.5804
582_20	-73.6075	8.6685	338.2546	-72.4468	3.6925	333.4637	-75.9109	6.3601	334.6310	-76.5279	3.3450	342.8286	-75.1155	-1.3299	337.7605	-72.8803	1.0297	341.6361
582_21	-73.0364	1.5885	335.6677	-73.3833	-5.0063	333.1147	-74.9696	-0.4152	332.0050	-79.3342	0.6271	339.8540	-79.5244	-5.8221	337.0573	-77.7681	-3.2307	340.8924
582_22	-80.7791	-8.0841	328.8273	-80.4514	-15.0144	328.0847	-83.6915	-11.2821	328.2669	-81.1418	-8.4644	335.9727	-80.9401	-15.4428	335.3240	-78.1233	-11.4536	335.9025
582_23	-82.4033	1.0743	317.7555	-82.6090	-5.9332	316.0196	-85.6673	-1.9740	317.1758	-82.1864	-0.8268	325.2279	-82.5672	-7.9020	322.9586	-79.3182	-3.8525	323.9228
582_24	-75.4728	-2.3443	324.7573	-76.1892	3.4699	328.9788	-72.8722	1.0608	326.3717	-74.5535	-6.8395	330.7696	-75.5728	-0.7487	334.8075	-78.0884	-4.2484	332.4267
582_25	-83.9992	-4.6228	328.7311	-83.5594	-11.6421	327.1954	-86.8525	-7.5749	327.9916	-84.3808	-6.1999	336.1183	-83.9362	-13.0318	334.1021	-81.3444	-9.1284	335.2266
582_26	-77.3495	-0.0281	328.5660	-75.8400	-6.8481	326.9748	-79.5373	-3.7807	327.7660	-77.6167	-1.9586	335.8763	-76.0132	-8.4671	333.8382	-74.1473	-4.1706	335.3523
582_27	-81.0067	-3.6660	330.0171	-80.9323	-10.7499	329.1086	-84.0009	-6.8414	329.6915	-81.1964	-4.8155	337.1866	-81.2023	-11.5612	336.0863	-78.3410	-7.8847	336.8331
582_28	-79.7591	2.0041	331.7527	-79.2296	-4.5642	329.5364	-82.0361	-0.9758	330.6923	-78.9570	-0.2600	338.4206	-78.7525	-6.4889	335.8618	-76.0559	-2.9185	336.8988
582_29	-75.4932	2.8793	331.7654	-74.5934	-3.6580	330.3325	-77.7979	-0.2725	330.8827	-75.9147	1.3496	338.3751	-75.0621	-5.0521	336.7726	-72.7000	-1.2783	337.8570
582_30	-80.9813	-7.6229	333.2185	-81.5049	-1.7095	330.1868	-78.3863	-4.7283	331.1282	-79.7386	-4.3664	338.9989	-80.2347	1.0396	336.0152	-82.8510	-1.9756	337.9631
582_31	-77.5816	-3.4346	329.5305	-78.2847	2.3534	331.1104	-75.1708	-0.5888	330.4689	-77.8780	-5.3569	335.4314	-78.6230	0.5329	337.1780	-80.7968	-3.0472	335.8389
582_32	-80.9497	1.2863	330.3239	-80.2827	-4.8078	329.5622	-83.3449	-1.8165	330.4338	-79.7766	0.6564	336.4038	-79.4315	-5.2240	335.4637	-77.1560	-1.7952	335.4617
582_33	-75.7685	-6.2215	328.0413	-76.2477	-0.3196	328.6624	-73.4922	-3.4577	328.7787	-76.7311	-7.0039	333.2577	-77.3689	-1.4328	334.0550	-79.2628	-4.3760	333.0441
677_19	-78.4598	11.7091	345.0741	-76.8792	7.2389	344.3239	-75.4919	10.4385	343.6805	-81.9078	12.0603	340.7258	-79.9956	7.4494	339.9062	-82.7202	8.8040	341.6638
677_20	-78.8676	11.9543	339.7117	-78.7366	7.3945	337.5569	-78.6659	10.7680	336.4891	-84.3878	12.1996	340.1294	-84.1153	7.6898	337.7659	-84.0520	9.1353	341.3461
677_21	-81.0334	11.2726	343.1900	-80.2952	6.3310	341.4536	-79.8499	9.8645	340.0768	-86.1912	11.5614	341.5170	-85.4313	6.7240	339.8054	-86.8500	8.4373	342.7842
677_22	-73.8187	5.7762	348.3735	-72.9438	0.5318	347.2773	-71.6579	3.8309	346.3041	-77.8740	6.2637	344.7776	-76.9968	1.3630	343.6204	-78.9876	3.2934	346.2750
677_23	-87.0097	-4.0192	347.5589	-85.9569	0.5763	350.3417	-88.4244	-2.5857	350.2478	-89.6379	-1.6812	343.6529	-88.7263	2.7262	346.4063	-86.8886	0.9490	343.9027
677_24	-81.5865	0.5059	348.5673	-81.6845	5.8395	349.4177	-84.0275	2.7390	349.8180	-83.2393	0.7989	343.4583	-83.3949	6.0247	344.3928	-80.8801	3.2584	343.3106
677_25	-86.4285	1.8155	349.4238	-86.3969	-3.1310	347.4861	-84.0444	-0.5526	348.8694	-85.9771	4.0582	344.6584	-85.9972	-0.6294	343.0438	-88.3354	1.6761	343.7253
677_26	-82.1445	-0.0622	346.8380	-82.2394	4.6866	349.0403	-84.5500	1.8806	348.4229	-83.0738	1.8445	341.8801	-83.1052	6.5782	344.2000	-80.5866	4.1650	342.8487
677_27	-82.6397	4.4461	346.2353	-83.8652	0.0100	343.8414	-81.1186	2.6704	343.5576	-85.5091	7.4748	342.5087	-86.4774	2.8292	340.3346	-87.8678	5.1080	342.8832
677_28	-79.2699	0.5349	341.2163	-78.4108	5.2930	343.5110	-80.2970	1.9832	344.0502	-83.3625	2.1704	338.5908	-82.7109	6.6384	340.8800	-81.3882	4.8878	337.9149
677_29	-85.5513	0.6902	348.6696	-85.2585	5.4175	350.4062	-87.6843	2.7573	350.2739	-87.1752	2.6687	344.3539	-86.6001	7.3269	346.1744	-84.5497	4.9157	344.5734
677_30	-79.3577	2.1774	346.3118	-79.6729	6.7806	348.0236	-81.5466	3.8924	348.1431	-81.6979	3.6925	342.0201	-81.9862	8.2178	343.7668	-79.8953	6.5816	342.0686
677_31	-91.1898	9.2332	350.9897	-91.9214	4.9030	348.7272	-89.3250	6.5688	350.3237	-90.1321	11.2564	346.4090	-90.7378	7.0116	344.6250	-92.6066	9.6502	345.3618
677_32	-84.1135	3.2664	350.0080	-83.8111	-0.8070	347.5900	-81.7391	1.5879	348.9666	-84.2733	6.2421	345.9991	-84.0163	2.1039	343.8011	-86.3344	3.9689	345.3322
677_33	-79.4904	5.5716	350.1496	-79.4976	1.0454	349.2475	-77.3838	3.2914	350.1452	-79.1484	6.7158	346.0670	-78.8014	2.4068	344.9867	-81.1196	4.5527	345.4621
684_17	-74.7678	11.5195	344.9098	-75.1169	7.3173	343.4701	-72.5101	9.1778	344.6974	-73.3911	13.2512	340.3747	-73.8432	9.0447	339.0491	-75.8247	11.4084	339.5298
684_19	-77.7203	18.4428	333.5759	-77.6967	14.3866	331.5284	-76.6287	17.5924	330.9447	-82.8555	19.7599	331.3981	-82.3354	15.5943	329.7585	-83.6119	16.8967	332.3195
684_20	-72.5398	-0.8195	341.4915	-72.8029	-4.6533	338.7528	-70.7147	-2.2095	339.1964	-75.5341	2.0487	338.0288	-75.6025	-1.8206	335.5504	-77.2615	-0.5964	338.0273
684_21	-75.5558	6.1240	348.9641	-74.7816	1.4622	347.5068	-73.4603	4.6309	347.0156	-78.7802	7.2869	345.0391	-77.8777	2.7589	343.7146	-80.0781	4.1612	345.8975
684_22	-83.1542	1.0954	341.3092	-84.0075	5.7303	342.9803	-85.5672	2.5764	342.7527	-83.9206	2.5294	336.1694	-84.4524	6.9104	338.1542	-82.1856	4.7359	336.7791
684_24	-79.6121	16.9852	334.6112	-80.2732	14.8796	339.0476	-80.9074	14.3738	335.6605	-84.4627	19.4383	334.7895	-85.1014	17.1630	338.9307	-83.8573	20.0088	337.7300
684_25	-79.1221	14.5798	338.9645	-77.5177	16.2279	334.7892	-78.0757	17.3181	337.8484	-83.9727	15.7819	338.1496	-82.3308	17.4709	334.0960	-83.1628	14.6046	335.3605
684_26	-85.6318	12.3600	344.7128	-81.5746	13.4369	342.4750	-84.0677	14.8664	344.4222	-88.5126	13.6945	340.8614	-84.5870	14.2880	338.6856	-86.5751	12.0358	339.1987
684_27	-82.4796	6.7104	341.8764	-86.8059	6.0774	342.8315	-84.6495	4.6385	340.9370	-83.7063	9.5560	338.0106	-87.8638	8.8184	339.1111	-85.6138	10.9680	339.8873
684_29	-88.9618	12.2662	344.5172	-84.6408	12.5856	343.4204	-86.6821	14.3420	345.1325	-90.1507	14.5442	341.0760	-86.0911	14.9265	339.6924	-88.3184	13.0513	339.4401
684_30	-87.6695	11.0778	346.5201	-83.8722	12.2508	344.7766	-85.8684	13.6113	346.6035	-89.4761	13.0924	343.3608	-85.7908	14.3083	341.7643	-87.6156	11.9869	341.4471
25273_10	-82.6308	4.7997	332.9438	-82.1532	-3.8448	328.6185	-85.7467	-1.3954	334.1458	-75.7030	2.8976	339.1032	-75.3050	-5.9093	335.2249	-72.2130	0.2412	333.9009
25273_11	-77.2043	3.4195	335.6081	-77.3742	-6.1940	335.2399	-82.0894	-1.3154	334.9867	-78.8805	3.6582	345.6298	-78.5083	-6.4716	344.7868	-74.0102	-1.4602	345.6971
25273_12	-76.8429	-11.6720	336.4084	-75.5989	-1.7224	338.3720	-71.5234	-7.5873	337.6357	-77.8847	-13.6392	346.1618	-76.5544	-3.9732	347.9291	-81.8424	-8.3787	346.6778
25273_13	-73.5697	-8.9999	337.7135	-70.9727	0.9384	337.6159	-67.7798	-5.3593	337.8475	-73.5806	-9.0491	348.1688	-70.7760	0.3437	347.8922	-76.7256	-3.1688	347.7420
25273_14	-71.4392	-6.7303	337.4240	-70.5019	-15.7660	341.8309	-75.4874	-11.4859	338.5601	-73.2805	-3.0046	346.2986	-72.7135	-11.7983	350.1171	-68.7760	-7.1514	348.7099
25273_15	-70.6041	0.0274	339.0058	-70.3041	8.9532	343.0264	-68.4400	2.7322	344.1910	-79.0077	-1.3467	343.6449	-78.3323	7.1891	347.3188	-81.2185	4.5937	341.8934
25273_16	-72.9084	3.1185	335.2536	-74.7092	11.9037	338.7679	-70.5281	7.1080	339.6825	-78.3258	-0.2693	342.0306	-79.9057	8.1882	344.9130	-82.3344	4.1591	340.4066
25273_17	-69.2915	0.5727	335.9983	-70.0966	8.5945	341.5766	-68.1243	1.7859	342.2053	-78.0770	-2.3603	338.4680	-78.7814	5.7921	343.8933	-79.7955	4.2873	337.8526
25273_18	-69.4130	-4.5353	339.4984	-69.9501	4.3476	340.9592	-66.7588	-0.5780	343.0683	-75.3161	-5.5586	345.6571	-75.6872	2.7901	346.8761	-78.1933	-0.9494	343.1535
25273_19	-69.0222	-5.1700	340.4139	-67.7937	3.1557	342.1108	-65.2190	-2.0792	343.9060	-74.4773	-5.4427	346.5254	-73.3471	2.6443	347.8567	-76.4220	-0.4937	343.9129
25273_20	-70.2075	-2.1919	338.6179	-69.8890	6.2861	339.1453	-66.5815	1.7148	341.0259	-74.3406	-2.1054	345.1603	-73.6920	5.7974	345.5936	-77.0077	2.2350	343.3083
25273_21	-81.5677	-7.2315	342.9362	-82.5301	0.5624	343.3551	-82.6263	-3.6917	339.3514	-74.8150	-6.7406	341.9913	-75.7057	1.2796	341.9904	-74.3863	-3.0822	345.6344
50002_10	-71.2095	-11.9854	341.9498	-72.2016	-18.6083	339.6119	-72.7156	-13.9221	337.6988	-78.6534	-11.9727	343.7451	-79.1652	-18.2773	341.6014	-77.9026	-16.3966	345.7643
50002_11	-65.2576	-13.9294	336.8527	-67.4477	-7.6014	338.3673	-65.4872	-11.6273	340.6913	-72.0137	-16.2683	337.8648	-73.9030	-10.3182	339.6444	-73.6158	-12.6945	335.3627
50002_12	-79.2582	-9.0786	327.5868	-80.3897	-2.8845	329.9376	-79.2441	-7.0787	331.6499	-86.1300	-10.3817	328.4707	-87.0209	-4.5166	330.7121	-86.9837	-6.4234	326.3315
50002_13	-78.2497	-5.6073	332.5679	-78.7775	-11.6152	330.6028	-79.4131	-7.2388	328.8410	-84.5029	-5.7656	334.7540	-84.7585	-11.3364	332.5017	-83.7665	-9.9247	336.2866
50002_14	-75.2673	-12.3342	337.7214	-76.5636	-18.3411	337.5042	-77.0040	-14.6572	334.8917	-81.1276	-10.9827	340.3928	-82.4300	-16.6199	339.9992	-80.1738	-14.0590	343.0880
50002_15	-81.2551	-8.2919	333.8106	-80.1414	-2.4735	334.2979	-80.2395	-5.6695	336.8958	-87.4447	-8.0285	334.7643	-86.5744	-2.2140	335.0573	-87.2889	-5.3487	331.8006
50002_16	-73.2403	-4.5267	336.7351	-73.9920	-9.9935	334.9415	-74.2824	-6.1731	332.9200	-78.8002	-3.7463	338.1201	-79.7894	-9.0213	336.5096	-78.5421	-7.5664	340.0045
50002_17	-76.4525	-12.8149	335.6751	-75.8860	-7.4249	337.1299	-74.1616	-11.1770	338.4051	-80.5566	-12.7019	339.7496	-79.9100	-7.3811	341.0348	-81.8536	-9.5975	338.0096
50002_5	-73.4023	-4.3397	341.3975	-73.8822	-10.8436	338.8380	-76.9782	-7.0833	339.5008	-75.6871	-6.7923	348.8413	-75.8069	-13.4826	345.9456	-71.8512	-10.2903	348.0253
50002_6	-68.0062	-9.7718	347.3631	-67.7053	-15.6672	343.2783	-67.2331	-10.5707	342.5578	-75.8674	-9.3513	345.6683	-75.0946	-15.0665	341.8694	-75.8176	-14.4504	346.8826
50002_7	-81.4808	-11.6497	322.2660	-83.5476	-5.8421	326.2474	-79.9783	-9.8299	326.5706	-86.4961	-16.4514	326.3802	-88.3126	-10.6832	330.2279	-89.9223	-12.9160	326.0347
50002_8	-86.8645	-19.2706	332.7400	-87.1610	-12.3824	335.3408	-88.1310	-17.3916	336.8899	-94.3518	-18.4922	330.4221	-94.4884	-12.1806	333.2045	-93.1250	-13.9396	328.8147
50002_9	-73.4266	-19.9160	340.7135	-73.4756	-13.1040	343.6234	-73.6469	-18.0785	345.2963	-81.5216	-19.9138	340.8712	-81.3932	-13.4651	343.7165	-81.0076	-14.9781	339.0124
50003_17	-79.1317	-1.4248	338.8467	-80.0426	-7.4248	338.3503	-79.7694	-3.9977	335.5493	-86.5663	-0.3643	338.7080	-87.0118	-6.5465	338.1884	-86.9546	-3.3388	341.5552
50003_18	-79.1317	-1.4248	338.8467	-80.0426	-7.4248	338.3503	-79.7694	-3.9977	335.5493	-86.5663	-0.3643	338.7080	-87.0118	-6.5465	338.1884	-86.9546	-3.3388	341.5552
50003_19	-86.6108	-11.5433	338.1539	-87.3229	-16.5805	334.6065	-83.9838	-13.5278	335.6306	-88.0952	-7.2540	332.6451	-88.7832	-12.4472	329.1496	-91.3831	-9.7525	331.9446
50003_20	-84.0581	-13.7910	334.5669	-84.5722	-8.4310	337.3234	-87.3477	-11.8223	336.1409	-85.7226	-10.8486	328.0443	-86.0093	-5.2265	331.0757	-83.0311	-8.1376	328.6644
50003_21	-82.4218	-12.3681	332.7695	-82.1868	-7.1186	336.2876	-84.1079	-11.2229	336.4230	-89.0019	-9.9604	329.9911	-88.1913	-4.4827	333.3420	-87.0828	-6.2768	329.3226
50003_22	-82.2122	-11.4894	338.4785	-83.2873	-16.8752	335.0821	-81.3053	-12.8650	334.4024	-88.3207	-8.8479	335.7695	-89.0085	-14.1108	332.5235	-90.1829	-12.2433	336.8000
50003_23	-82.6350	-9.4265	335.8834	-85.2027	-13.5473	331.8852	-81.5346	-10.7373	331.9507	-86.0543	-4.1833	332.5846	-88.7089	-8.6001	328.9409	-89.5068	-6.5452	333.0042
50003_24	-80.6155	-9.9433	332.4485	-78.9986	-4.5301	334.1014	-81.0445	-8.1399	335.5186	-86.4930	-7.2462	330.0969	-84.7592	-2.1882	331.6292	-84.3375	-4.7972	328.3636
50003_25	-80.8557	-9.8583	331.6339	-78.9395	-5.1907	334.4049	-81.6477	-8.1807	335.0805	-85.5755	-5.8846	328.7699	-83.7490	-1.6581	331.7412	-82.8046	-3.5348	328.1701
50003_26	-84.9750	-10.8610	335.9851	-82.8131	-6.3524	338.7147	-85.9850	-9.0698	339.1312	-88.8474	-6.7364	332.2377	-86.6569	-2.7718	335.1243	-85.9056	-4.8796	332.0042
685_20	-104.9016	-12.5160	397.3798	-106.7812	-7.0666	398.5503	-107.1278	-10.6097	399.9347	-109.8077	-13.4092	394.0202	-111.3240	-7.7706	395.2047	-109.0489	-9.8674	392.6766
685_21	-102.7682	-0.4835	403.2315	-101.9359	-5.7016	401.1263	-100.2802	-1.9619	400.6437	-106.8597	0.8490	399.1348	-105.8765	-4.7780	397.1819	-108.2868	-2.5346	400.1887
685_22	-99.0846	-6.2191	404.3466	-99.4616	-11.1949	401.2961	-98.1200	-7.4390	400.5387	-104.2780	-4.1812	402.3861	-104.7375	-9.7885	399.4979	-105.5421	-7.9819	403.4329
685_23	-98.1520	-5.0819	394.3120	-101.3707	-0.3752	396.5938	-100.4586	-4.4084	397.5921	-102.8745	-7.1439	391.3676	-105.9397	-2.3451	393.6437	-103.4043	-3.4128	390.3242
685_24	-106.5877	-8.2286	391.5114	-107.6328	-2.2952	393.2961	-107.7113	-6.3009	394.6996	-112.2391	-8.9555	389.8857	-113.0827	-2.9858	391.5795	-111.7571	-5.2079	388.2076
685_25	-119.6655	-9.7842	380.9480	-118.7065	-3.7341	382.9352	-116.9196	-6.9200	380.3390	-116.4581	-11.9326	385.2487	-115.5686	-6.1506	387.2380	-118.4588	-9.5092	387.5124
685_26	-110.4538	-14.6261	397.1067	-106.8576	-19.5061	395.9547	-107.1774	-16.6449	398.7560	-106.8623	-11.1784	394.1165	-103.4326	-16.1263	392.9272	-106.7039	-14.4504	391.4699
685_27	-116.5673	-6.6797	378.8754	-117.4212	-0.7496	379.8706	-114.7066	-3.3200	378.3600	-114.3762	-7.1729	384.0771	-115.2903	-1.3800	384.8684	-117.1463	-5.1251	385.2349
685_28	-104.8182	-10.0216	402.6809	-103.6277	-15.3408	400.4810	-101.8629	-11.7241	400.9884	-107.3726	-8.7294	397.8901	-106.0344	-13.9895	395.9276	-109.0087	-11.9749	398.1677
685_29	-117.6512	-11.2100	379.4820	-118.6666	-5.6317	379.2238	-115.8099	-8.4209	378.2421	-116.0312	-10.5057	384.5810	-116.9592	-5.0486	384.1195	-114.0215	-7.8054	383.1745
685_30	-111.2912	-11.4542	399.2455	-110.9542	-6.1693	400.8689	-113.5652	-8.9999	401.0611	-113.4717	-9.8963	394.6319	-112.7978	-4.6690	396.2374	-110.5933	-7.5608	394.6536
685_31	-109.8180	-10.6200	397.6300	-110.1098	-5.7523	400.1256	-112.1223	-8.8489	399.9939	-111.9121	-8.4979	393.5397	-112.1612	-3.6515	395.9996	-109.6320	-6.0210	394.1445
685_32	-110.8462	-11.7468	400.9290	-110.8275	-7.2965	403.2806	-112.9158	-10.2150	402.7944	-112.2361	-10.0072	397.3372	-112.5223	-5.5405	399.7210	-110.1737	-7.6005	397.9073
685_33	-107.0042	-6.0722	401.5114	-111.5941	-3.7861	402.8201	-110.1349	-7.1633	403.1027	-108.8812	-6.9994	396.9236	-113.1934	-4.6948	398.5618	-110.0766	-3.9831	397.0549
689_20	-80.6223	-8.2981	352.4165	-82.2000	-2.5066	352.5912	-78.6766	-4.7038	351.5108	-77.8213	-8.1604	357.9650	-79.1712	-2.3015	358.5320	-81.0194	-5.9879	359.2654
689_21	-75.2802	1.0838	377.3315	-75.0239	-4.8552	375.2548	-72.5134	-1.5190	375.3148	-77.3164	3.0353	371.6958	-77.2672	-2.7799	369.7624	-80.0131	-0.1779	371.7847
689_22	-66.7219	4.1744	369.0697	-65.2818	-1.0844	365.9136	-64.6731	3.4127	366.0140	-71.6323	5.5917	365.2234	-70.3360	0.1713	362.0938	-72.6108	1.6412	365.5809
689_23	-65.7408	-4.1833	374.2974	-68.7319	1.4021	374.1560	-69.3924	-2.6397	375.5722	-68.7578	-5.7854	368.8922	-71.6877	-0.0458	368.8250	-67.8030	-2.1972	367.3403
689_24	-74.0872	-11.4078	376.1315	-75.3453	-5.0619	376.5515	-77.1578	-8.9379	377.6522	-77.5583	-11.4983	370.7923	-78.5064	-5.3702	371.4971	-75.5634	-8.2332	369.7534
689_25	-97.5433	-9.2751	381.6070	-96.7051	-15.1842	379.7276	-94.7144	-12.4017	382.0423	-94.1729	-7.3894	376.4954	-93.6699	-13.2318	374.9717	-96.3853	-9.9526	374.5627
689_26	-97.5433	-9.2751	381.6070	-96.7051	-15.1842	379.7276	-94.7144	-12.4017	382.0423	-94.1729	-7.3894	376.4954	-93.6699	-13.2318	374.9717	-96.3853	-9.9526	374.5627
689_27	-95.2142	-10.8064	374.4387	-94.8307	-15.4325	370.5531	-92.2443	-13.6555	373.1830	-93.5851	-6.9867	369.7772	-93.2011	-11.5772	366.4580	-96.0373	-8.8783	367.8594
689_28	-94.6160	-6.8113	378.6130	-93.9737	-12.4032	377.0961	-91.8798	-9.2317	378.8239	-92.5911	-5.0538	373.3130	-92.1305	-10.4212	372.1208	-95.1018	-7.6308	372.0425
689_29	-84.1142	-13.9517	360.5184	-83.2847	-8.6130	359.9507	-81.2074	-12.1259	360.7108	-85.0150	-13.8293	366.0261	-84.1677	-8.3078	365.3570	-87.1776	-11.0123	364.9731
689_30	-87.0415	-15.6150	373.2293	-87.2511	-10.6490	375.6089	-89.6185	-13.1221	374.1421	-85.8849	-13.7379	368.3958	-85.9618	-8.8520	370.7250	-83.4704	-11.8226	370.1672
689_32	-81.4975	-2.5661	357.8508	-80.5032	-7.7589	357.9615	-83.4764	-5.3828	357.3900	-82.0820	-2.9509	362.3535	-80.9934	-7.7647	362.1896	-79.4017	-4.8851	362.5794
689_33	-87.3592	-4.0146	376.3469	-87.6109	-9.4378	375.7577	-85.1073	-6.6407	376.7505	-86.1942	-3.5334	371.4336	-86.4005	-8.6722	371.0846	-88.7803	-5.5657	370.9339
692_21	-109.8824	0.9450	390.4075	-110.0288	-2.7406	388.8029	-108.3091	-0.0953	388.2456	-113.6234	3.0755	387.1845	-113.3529	-0.8141	385.4856	-114.9691	0.7025	387.5574
692_22	-112.1399	-1.0921	395.0911	-112.2636	-5.2464	394.0738	-110.3018	-3.0310	394.0269	-112.9667	0.8250	390.0894	-113.0513	-3.2161	388.8813	-115.0146	-1.0446	389.8664
692_23	-106.5663	-13.4061	389.5307	-107.5057	-9.6881	390.9132	-108.7266	-12.5059	390.9722	-108.7466	-12.3955	384.3857	-109.6442	-8.6181	386.3202	-107.1990	-9.8025	384.9290
692_24	-107.2498	-15.1225	390.0768	-107.1010	-18.4099	387.1617	-105.2469	-16.0170	388.0603	-109.3182	-11.5252	386.4069	-109.2791	-14.8308	383.7234	-111.2346	-13.8604	385.8080
692_25	-110.0564	-10.4506	388.6900	-110.1886	-6.4737	390.3483	-111.9559	-8.8808	390.1706	-112.3072	-8.7950	383.9041	-112.3079	-4.9338	385.5755	-110.5513	-6.3503	383.7652
692_26	-105.6760	-5.8345	394.3533	-104.6104	-9.9488	393.2182	-103.6723	-6.9844	392.8475	-108.4666	-5.1065	389.9661	-107.6005	-9.0879	388.7771	-109.6331	-7.7981	390.3051
692_27	-104.3111	-8.1817	390.4823	-105.3610	-4.1343	391.1762	-106.4870	-6.8595	391.9821	-107.8226	-8.3692	386.2811	-108.7930	-4.4680	387.2108	-106.8206	-5.6067	385.6151
692_28	-109.5709	-11.0256	392.2878	-110.7087	-7.1766	393.8174	-111.5640	-9.9507	393.7051	-110.8449	-9.2519	387.4883	-111.8021	-5.6569	389.0946	-109.3793	-6.9310	388.2602
692_29	-108.0649	-5.1793	393.0098	-109.6264	-1.5433	393.5471	-110.6387	-4.0322	393.6523	-110.3666	-5.3516	388.2499	-111.4577	-1.6021	389.0398	-109.1311	-2.8999	388.0499
692_30	-109.5298	-3.3539	392.2493	-109.1823	-7.1117	391.1400	-107.9502	-4.7031	390.5154	-112.6151	-2.2783	388.4765	-112.1072	-5.8927	387.5439	-113.7038	-4.3043	389.1766
692_32	-103.9867	-8.2202	399.9135	-104.2942	-4.7441	401.2410	-106.1419	-6.9201	401.1199	-105.7530	-7.2257	396.0970	-106.1129	-3.8744	397.3029	-104.0430	-5.2521	396.2204
692_33	-105.7477	-10.5823	399.0464	-105.6240	-7.3532	400.8880	-107.5193	-9.1237	400.5760	-106.7458	-8.5944	395.7530	-106.6587	-5.5175	397.4078	-104.5723	-6.9557	396.1819
690_21	-102.2134	8.5868	453.1109	-103.1936	13.9504	450.1271	-105.5646	10.8933	451.9566	-102.3391	5.2453	447.7688	-103.3776	10.6666	444.6559	-99.9259	8.2528	445.8113
690_22	-102.5926	6.3353	451.5172	-99.7526	8.4771	451.8454	-102.5959	12.3135	450.6987	-102.9577	4.0872	446.2438	-103.3459	10.2942	444.7361	-100.2636	6.7573	445.1460
690_23	-112.9921	1.5488	454.8639	-111.7618	8.0674	453.4675	-115.0484	4.7578	452.7666	-110.4942	-0.1979	448.8788	-109.3122	6.3668	447.8327	-107.2107	2.3892	449.6161
690_24	-104.9723	-1.9857	440.8886	-105.0584	4.4877	442.6869	-107.7407	1.1474	440.5281	-102.7412	0.0652	434.8569	-102.9216	6.1054	436.8615	-99.9498	2.6835	436.8585
690_25	-101.2865	6.8297	428.7363	-101.0561	0.6403	428.2207	-103.9362	3.7346	427.7890	-102.3800	6.7668	434.8721	-102.1974	0.3732	434.4415	-99.4740	3.7162	434.9900
690_26	-107.4347	6.5081	452.5327	-107.2875	0.2152	451.6547	-104.5354	3.5220	452.8046	-105.8583	7.3424	446.0817	-105.3910	1.2007	445.8263	-108.3125	4.2835	445.2534
690_27	-108.1868	7.9441	449.3946	-108.2433	1.7473	448.0256	-105.3989	4.7880	449.3801	-106.4421	9.4291	443.3148	-106.5554	3.3767	442.1857	-109.0189	6.8548	441.9585
690_28	-89.2475	-3.2959	422.7289	-90.0200	2.2385	425.7179	-88.1182	-1.6483	426.0905	-94.1700	-5.7101	425.5264	-94.9292	-0.5284	428.4671	-96.0594	-2.3956	424.7783
690_29	-76.8835	-5.7995	272.6214	-77.0143	-11.6882	272.5327	-74.2366	-8.8743	273.1921	-75.2944	-6.0108	266.8488	-75.3338	-11.7247	266.8889	-77.7885	-8.9571	266.1488
690_31	-76.2093	-12.5270	264.8176	-76.5483	-7.3819	267.0351	-78.8496	-10.0484	265.3831	-77.8062	-8.3583	260.3419	-72.9547	-8.5332	261.0881	-75.5779	-5.7880	261.8854
690_33	-70.3490	-16.2761	244.5939	-74.1231	-12.7876	243.5959	-70.7242	-13.4504	242.6557	-68.4041	-13.8791	247.6299	-72.1348	-10.3249	246.8341	-71.5169	-13.3242	248.7255
671_20	-83.0876	-0.1497	392.6404	-81.3173	-5.4808	391.7621	-83.5393	-3.2665	394.7441	-77.8087	1.1534	395.5343	-76.1092	-4.1060	394.3527	-75.8766	-0.5040	392.3398
671_21	-71.6118	-3.2138	397.9454	-73.4688	-8.3951	395.9583	-71.6435	-5.0218	394.3644	-77.4731	-0.5030	396.1327	-79.1051	-5.7936	394.0380	-78.9174	-3.5054	398.3333
671_22	-83.8784	-15.4027	383.1390	-85.1329	-10.2913	385.9538	-83.5185	-11.5950	382.0558	-77.6295	-15.2698	385.1600	-78.8238	-9.9982	387.9551	-79.3835	-14.3917	388.7472
671_23	-92.9100	-9.7692	388.6950	-91.3586	-15.3783	386.6613	-92.2330	-13.4007	390.5498	-86.6319	-8.5929	389.6515	-85.6198	-14.0830	387.6228	-86.2517	-9.9129	385.9478
671_24	-82.9777	-5.3028	383.0766	-80.0424	-10.7894	382.0169	-82.2166	-8.6276	385.3940	-77.6648	-2.5482	385.1884	-75.1163	-8.0728	384.1894	-76.0700	-4.2744	381.8009
671_25	-80.4519	-1.8580	392.0396	-79.0902	-7.8661	390.6732	-81.1427	-5.3428	393.9667	-75.0946	-1.2063	395.2969	-73.9404	-7.0501	394.1215	-73.3961	-3.1338	392.2859
671_26	-77.4311	-3.5658	391.0531	-77.1850	2.3981	391.8930	-76.0268	-0.7287	388.7301	-71.6379	-4.4115	393.2513	-71.3153	1.4442	393.9675	-72.6947	-2.0702	396.1721
671_27	-83.5551	-3.9385	388.4217	-84.3202	1.5320	391.0042	-83.5227	-0.2227	386.8854	-77.4278	-3.7301	389.1825	-78.2170	1.7975	391.3123	-78.2629	-2.1733	392.7657
671_28	-79.7831	-2.6058	387.8380	-77.1249	-7.4512	385.4082	-78.2084	-5.7002	389.4475	-74.0579	0.4816	388.5370	-71.7452	-4.5585	386.2810	-73.1282	-0.6281	384.9733
671_29	-83.7936	0.9233	386.5973	-81.5609	-4.3576	385.2997	-84.3802	-2.6791	387.9618	-79.5305	1.9111	390.6313	-77.4679	-3.1896	389.4691	-77.1784	0.7181	388.2299
671_30	-82.0793	-5.2113	386.8477	-84.1853	-0.0501	389.0332	-82.5256	-1.7179	385.5771	-76.4357	-3.9080	388.5790	-78.2431	1.0836	390.5396	-77.8757	-2.9879	391.8216
671_31	-82.5299	2.3614	384.0379	-80.1088	-2.4906	382.5885	-81.5652	-0.4673	386.0769	-77.1835	4.7995	385.6834	-75.0281	-0.1809	384.1492	-76.0513	3.4202	382.5167
671_32	-83.3792	1.5211	386.6764	-84.6819	6.8494	387.6705	-82.8702	4.6737	384.8199	-78.1155	2.3011	388.9558	-79.3044	7.3707	390.0742	-79.7085	3.7926	391.7448
671_33	-84.0681	-1.0737	380.0845	-86.4580	3.5178	381.5185	-83.9197	2.3770	378.8271	-79.9122	0.0217	383.3670	-82.0615	4.4712	384.6592	-82.2286	0.6600	385.8177
671_34	-79.0989	-4.9059	386.6867	-83.7415	-7.3105	387.3940	-82.1825	-5.2173	384.5587	-80.9442	-0.6986	388.4932	-85.4743	-2.6898	388.9213	-82.5439	-2.4356	391.1229
673_21	-76.1946	-8.6683	391.1854	-75.0043	-3.9641	392.8797	-75.4631	-7.3809	394.4599	-81.7208	-7.6141	391.7342	-80.4605	-2.9248	393.3254	-80.8679	-4.8575	389.7588
673_22	-90.2213	1.9674	393.1106	-89.2207	-3.2500	391.9334	-90.7686	-1.0781	394.7985	-84.8239	2.8417	394.7917	-83.7597	-2.5068	393.6172	-83.9811	0.9826	391.8206
673_23	-86.7718	-10.3392	392.8408	-88.0473	-5.1992	394.0636	-86.6949	-7.1073	390.9440	-81.1773	-9.3012	395.3229	-82.7422	-4.1996	396.5924	-82.9698	-7.8972	398.1444
673_24	-95.1664	-3.9462	392.4278	-94.4612	0.9800	394.3586	-94.5750	-0.8370	390.9624	-89.1291	-5.3422	393.7910	-89.2438	-0.2387	395.4514	-89.8413	-3.4401	396.9003
673_25	-94.7804	-5.5780	396.6971	-94.7593	-0.5539	398.8053	-94.7546	-2.3249	395.4508	-89.5437	-6.1904	397.2428	-89.4023	-1.1563	399.0895	-89.9450	-4.8643	400.5540
673_28	-93.6615	-3.6006	396.2549	-92.5047	-8.3037	396.2757	-94.5364	-6.2797	398.1093	-89.1888	-2.0429	398.5517	-88.0055	-6.9928	398.2800	-88.3089	-4.3626	395.9933
673_29	-91.7917	-1.8393	387.5026	-93.3619	2.9617	388.9607	-91.8141	1.1457	386.1910	-86.8536	-1.2586	389.6009	-87.8471	3.3066	391.3446	-88.7870	-0.2738	392.4344
673_30	-68.6115	-2.0689	399.9492	-68.5004	2.2426	402.2619	-69.6680	-0.9732	403.0388	-73.4360	-1.0510	397.5005	-73.3880	3.4726	399.6232	-71.9224	2.0683	396.8694
673_32	-90.0506	-4.2867	390.7191	-91.5749	0.1259	391.4553	-89.5999	-1.3299	389.1113	-85.8775	-3.1013	394.2530	-87.6883	0.7923	394.3342	-87.9359	-1.7203	396.2133
673_33	-90.4481	-2.5174	387.8604	-91.9273	1.6116	389.1918	-90.5320	0.4133	386.4872	-85.9511	-1.4351	390.5333	-87.3473	2.4230	391.8456	-87.3253	-0.3478	392.9336
