ID	x1	y1	z1	x2	y2	z2	x3	y3	z3	x4	y4	z4
2005.27.168	-83.8385	3.3113	337.0684	-79.6245	-3.3636	337.4468	-81.7564	0.2127	332.6045	-79.3752	0.1973	336.2529
25273	-93.4799	-0.3791	364.3813	-88.2508	3.4356	365.7615	-94.3828	5.2378	366.3763	-90.3934	3.7549	364.0347
50002	-93.7109	0.2058	325.7252	-94.1369	-1.2293	321.8741	-95.2487	-4.5802	324.9534	-92.9001	-2.0488	323.9134
50003	-75.7559	4.7289	323.0134	-73.2766	1.8662	321.3439	-76.4880	1.3244	321.2060	-74.3617	2.7648	323.0399
582	-78.8753	-11.0872	342.9080	-77.1630	-14.3388	343.0609	-76.0733	-11.3417	341.6435	-77.8824	-13.6183	342.3959
671	-99.9545	-10.7437	387.2486	-99.8145	-12.4973	384.1620	-100.0351	-13.5022	386.6252	-99.3620	-11.7736	385.7434
673	-120.4948	-9.5794	354.1648	-121.3345	-10.6626	351.5470	-120.8399	-12.1762	353.5933	-120.6207	-10.1587	352.7057
677	-93.4395	1.9386	328.0140	-94.3650	0.2703	324.6922	-93.9713	-0.5362	327.5479	-93.4175	0.9155	326.7470
684	-106.8698	-14.7218	332.3854	-106.8310	-16.9966	334.4630	-108.7918	-15.0153	333.8480	-107.0476	-15.3488	333.9258
685	-114.4787	6.8413	404.1792	-111.7750	10.1276	407.1584	-115.8530	10.5592	404.9695	-114.0142	9.1121	404.4781
686	-77.3517	-17.2389	346.0788	-78.6892	-21.5133	346.6712	-75.4943	-19.8853	344.5142	-77.6233	-19.0536	345.1922
689	-67.0803	-11.5935	285.2245	-67.5855	-16.7792	283.9901	-68.0898	-13.0706	281.4564	-68.2205	-13.0935	284.1076
690	-74.6064	-5.2406	236.9927	-73.5118	-7.5577	241.1142	-75.3458	-8.8100	237.4177	-75.0903	-7.0761	239.1171
692	-95.2663	1.5116	371.0543	-94.6427	3.6812	373.4612	-92.6937	2.2454	371.8854	-94.3042	2.2643	372.5782
696	-87.2241	-11.0380	329.8156	-86.9830	-14.7740	328.5385	-88.4919	-13.9940	331.2652	-87.0111	-12.9969	330.3303
697	-78.8436	-4.9773	346.5108	-76.3981	-1.1661	347.0778	-78.2247	-2.6626	344.3340	-77.4785	-3.5666	346.0197
702	-74.4577	-1.9281	277.7646	-73.5339	-4.8937	276.7386	-75.9383	-4.0182	277.6283	-74.5791	-3.7523	277.7750
706	-74.1497	-2.4743	281.6784	-73.6657	-4.7555	280.6393	-75.6240	-3.8008	281.5232	-74.5706	-3.7435	281.6845
												
												
												
												
												
												
												
												
												
												
												
												
												
												
												
												
												
												
												
												
												
												
												
												
												
												
												
												
												
												
												
												
												
												
												
												
												
												
												
												
												
												
												
												
												
												
												
												
												
												
												
												
												
												
												
												
												
												
												
												
												
												
												
												
												
												
												
												
												
												
												
												
												
												
												
												
												
												
												
												
												
												
												
												
												
												
												
												
												
												
												
												
												
												
												
												
												
												
												
												
												
												
												
												
												
												
												
												
												
												
												
												
												
												
												
												
												
												
												
												
												
												
												
												
												
												
												
												
												
												
												
												
												
												
												
												
												
												
												
												
												
												
												
												
												
												
												
												
												
												
												
												
												
												
												
												
												
												
												
												
												
												
												
												
												
												
												
												
												
												
												
												
												
												
												
												
												
												
												
												
												
												
												
												
												
												
												
												
												
												
												
												
												
												
												
												
												
