ID	x1	y1	z1	x2	y2	z2	x3	y3	z3	x4	y4	z4												
2007.46.1100	-90.2110	-29.0199	339.0177	-90.7351	-28.5121	338.8805	-81.6949	-6.5982	327.5062	-85.5376	5.4123	345.2566												
25273	-82.8665	12.8351	351.3072	-82.3809	13.0991	351.5900	-79.3929	-3.8237	346.2340	-77.1676	-6.6229	323.3158												
50002	-86.1569	-8.0310	318.4976	-86.3709	-8.2436	318.5901	-81.6666	-8.6598	338.1735	-86.3543	7.8069	344.9853												
50003	-84.5737	7.7777	338.0811	-84.5977	7.8150	337.9639	-79.7557	-12.6252	334.9549	-92.2244	-15.5643	346.6225												
582	-75.9835	-18.5898	332.9390	-75.6773	-18.5505	332.8925	-76.9786	3.8919	328.3852	-79.3856	6.2133	343.2129												
671	-87.5114	8.1333	404.1367	-87.3040	8.0980	404.1460	-81.5735	-11.0874	406.3211	-87.7913	-15.6413	391.3174												
673	-108.9389	-14.1133	355.1895	-108.8985	-14.2747	355.4541	-99.7057	0.1748	363.6832	-107.4857	8.0201	358.4767												
677	-77.0931	14.4287	351.4020	-76.9293	14.2081	351.3703	-84.0383	9.0849	335.6477	-87.6346	21.5064	335.0891												
684	-99.4380	8.9243	330.2891	-99.3263	8.8888	330.2846	-98.0784	-4.8846	320.2760	-96.7896	-10.6984	330.2625												
685	-113.8269	-0.2631	393.2601	-113.6705	-0.1895	393.1081	-121.5329	15.6605	391.0877	-117.5662	23.1974	400.6122												
686	-76.9268	8.9784	346.5045	-76.6395	8.7719	346.7556	-76.3723	-9.5989	350.6173	-78.0278	-14.1624	338.1941												
689	-69.4586	9.6479	256.6173	-69.6807	9.4601	256.8971	-73.1747	-5.1744	251.1546	-66.6841	-15.5427	259.7991												
690	-85.5842	-9.6096	256.3745	-85.6517	-9.7073	256.7502	-71.0007	1.8916	253.6843	-76.4190	15.5898	258.2359												
692	-75.2688	-11.5208	377.7788	-75.0166	-11.6673	377.7434	-83.3505	-4.0587	368.2469	-83.4704	7.2319	373.2820												
696	-83.6090	5.7252	354.9316	-83.2484	5.7072	355.0976	-79.3107	-1.1957	340.4705	-80.1267	9.4870	334.1125												
697	-76.5500	-21.1577	326.5858	-76.7043	-21.1633	326.7402	-77.0574	-13.1087	341.0091	-83.2040	-0.8053	337.7180												
702	-82.4951	-7.7872	334.7078	-82.5707	-7.8886	334.5749	-91.5058	0.1816	338.7332	-85.5463	8.7787	338.7760												
706	-81.7137	4.8404	340.6168	-81.9751	4.8452	340.5370	-81.2840	-0.2574	331.0687	-79.1834	-9.5644	332.8513												
																								
																								
																								
																								
																								
																								
																								
																								
																								
																								
																								
																								
																								
																								
																								
																								
																								
																								
																								
																								
																								
																								
																								
																								
																								
																								
																								
																								
																								
																								
																								
																								
																								
																								
																								
																								
																								
																								
																								
																								
																								
																								
																								
																								
																								
																								
																								
																								
																								
																								
																								
																								
																								
																								
																								
																								
																								
																								
																								
																								
																								
																								
																								
																								
																								
																								
																								
																								
																								
																								
																								
																								
																								
																								
																								
																								
																								
																								
																								
																								
																								
																								
																								
																								
																								
																								
																								
																								
																								
																								
																								
																								
																								
																								
																								
																								
																								
																								
																								
																								
																								
																								
																								
																								
																								
																								
																								
																								
																								
																								
																								
																								
																								
																								
																								
																								
																								
																								
																								
																								
																								
																								
																								
																								
																								
																								
																								
																								
																								
																								
																								
																								
																								
																								
																								
																								
																								
																								
																								
																								
																								
																								
																								
																								
																								
																								
																								
																								
																								
																								
																								
																								
																								
																								
																								
																								
																								
																								
																								
																								
																								
																								
																								
																								
																								
																								
																								
																								
																								
																								
																								
																								
																								
																								
																								
																								
																								
																								
																								
																								
																								
																								
																								
																								
																								
																								
																								
																								
																								
																								
																								
																								
																								
																								
																								
																								
																								
