ID	x1	y1	z1	x2	y2	z2	x3	y3	z3												
2007.46.4164	-84.2262	23.2127	340.1077	-80.2778	14.7978	346.9538	-76.5411	-5.1587	337.1329												
25273	-75.9986	-7.5703	319.9350	-76.3004	-15.0235	326.7136	-79.3331	-5.5410	344.8081												
50002	-87.2186	10.9699	345.7739	-83.8598	5.6441	349.9091	-81.1303	-6.9177	341.0448												
50003	-94.5997	-17.5451	347.9027	-89.5158	-21.1676	343.4335	-81.2153	-15.2878	335.7978												
582	-79.3282	6.8325	346.7053	-78.0084	10.8794	341.8401	-76.9739	6.8104	330.2181												
671	-88.3281	-16.2452	388.7704	-84.9669	-19.2272	394.1755	-81.4224	-13.5297	404.7458												
673	-109.2526	10.9794	358.5002	-105.2924	10.4886	362.6001	-100.1578	2.8000	364.9021												
677	-88.6290	24.4352	332.7684	-88.5369	21.1963	331.4169	-84.4255	9.5280	334.8201												
684	-96.3792	-13.4933	332.5931	-97.0628	-13.7391	326.3286	-97.9440	-5.5273	320.2005												
685	-116.7091	25.6472	402.3207	-120.8527	26.2620	397.9609	-121.7135	16.7558	391.4610												
686	-77.8879	-16.2785	335.0926	-77.9006	-19.0203	340.7897	-76.3240	-10.3165	350.3586												
689	-66.1557	-16.9721	262.2349	-67.9559	-19.4895	258.4029	-72.3798	-9.2481	251.4787												
690	-77.3231	19.1917	259.6237	-71.3413	17.5068	256.7441	-71.2035	1.4945	253.6931												
692	-83.1353	9.4215	374.1391	-85.5361	8.4918	370.0463	-83.7718	-2.8678	368.1077												
696	-79.4379	11.8785	331.4582	-78.5274	7.0389	330.0459	-79.4925	-1.2903	341.1682												
697	-84.3886	0.8627	336.9688	-83.1385	-1.4940	342.4737	-78.0049	-11.2879	341.9081												
702	-84.8589	11.2756	338.8698	-89.4359	9.6186	340.2963	-91.7254	1.3094	338.9529												
706	-79.0883	-10.7085	333.2542	-79.5455	-10.0279	330.6111	-81.2838	-0.8322	330.7791												
																					
																					
																					
																					
																					
																					
																					
																					
																					
																					
																					
																					
																					
																					
																					
																					
																					
																					
																					
																					
																					
																					
																					
																					
																					
																					
																					
																					
																					
																					
																					
																					
																					
																					
																					
																					
																					
																					
																					
																					
																					
																					
																					
																					
																					
																					
																					
																					
																					
																					
																					
																					
																					
																					
																					
																					
																					
																					
																					
																					
																					
																					
																					
																					
																					
																					
																					
																					
																					
																					
																					
																					
																					
																					
																					
																					
																					
																					
																					
																					
																					
																					
																					
																					
																					
																					
																					
																					
																					
																					
																					
																					
																					
																					
																					
																					
																					
																					
																					
																					
																					
																					
																					
																					
																					
																					
																					
																					
																					
																					
																					
																					
																					
																					
																					
																					
																					
																					
																					
																					
																					
																					
																					
																					
																					
																					
																					
																					
																					
																					
																					
																					
																					
																					
																					
																					
																					
																					
																					
																					
																					
																					
																					
																					
																					
																					
																					
																					
																					
																					
																					
																					
																					
																					
																					
																					
																					
																					
																					
																					
																					
																					
																					
																					
																					
																					
																					
																					
																					
																					
																					
																					
																					
																					
																					
																					
																					
																					
																					
																					
																					
																					
																					
																					
																					
																					
																					
																					
																					
																					
																					
																					
																					
																					
																					
																					
																					
