ID	x1	y1	z1	x2	y2	z2	x3	y3	z3
205.27.167	-74.2064	2.5002	342.2974	-73.2594	-4.4757	346.3295	-70.8774	-1.9051	335.9814
686_19	-84.4379	-7.5262	341.6902	-87.3026	-6.1207	343.4161	-82.6454	-4.4603	342.5817
686_20	-85.7277	-6.7385	339.6998	-87.6209	-4.1918	341.3113	-83.3032	-4.0027	338.9195
686_21	-84.8590	-10.6272	338.1483	-86.8510	-8.8121	340.5232	-82.2954	-7.9652	338.5700
686_22	-85.8389	-16.7911	336.7725	-87.6371	-14.9893	339.6324	-83.0439	-14.2025	337.7678
686_23	-87.9260	-10.5413	336.0739	-85.8831	-12.9657	334.0500	-90.7626	-12.9208	335.1037
686_24	-82.8076	-7.8769	339.4608	-80.7016	-10.7002	338.0053	-85.3408	-10.9892	339.6083
686_25	-80.9349	-5.7196	345.1435	-78.1086	-8.2120	344.4119	-82.7452	-8.7336	344.1617
686_26	-88.7522	-9.0321	341.7094	-86.5724	-11.8812	340.4576	-91.0562	-11.8715	340.6393
686_27	-85.1239	-2.0574	347.4751	-82.9292	-4.9374	347.2741	-87.5288	-4.7534	346.8779
686_28	-86.3257	-5.9776	343.9593	-84.0621	-8.5257	343.7158	-88.5577	-8.4466	342.4773
686_29	-86.9671	-2.7619	342.8127	-84.5385	-5.2781	342.1765	-89.2060	-5.2888	341.9661
686_30	-81.1352	-1.1915	349.0937	-78.7665	-3.6599	347.9368	-83.2350	-3.9010	348.5279
686_31	-81.4102	-8.5962	346.7057	-83.8668	-6.6341	348.1146	-79.6289	-6.4839	348.3696
686_32	-80.6860	-2.5778	341.8481	-79.3676	-4.6334	339.5962	-83.4670	-4.9000	341.7905
686_33	-84.6953	-9.5843	336.6620	-87.0098	-8.0370	338.0253	-82.5385	-7.7795	338.1814
696_19	-77.7669	-11.3518	326.2031	-80.0980	-13.9304	326.2949	-75.5752	-13.9734	326.3015
696_20	-77.9231	-14.9002	326.5043	-78.9954	-16.3853	329.1203	-75.7826	-13.3172	328.3341
696_22	-80.6482	4.3591	315.5720	-78.3802	6.6904	316.5924	-82.9199	6.3608	316.8538
696_23	-72.1884	-8.7097	329.4543	-71.0779	-11.8229	329.6876	-73.8068	-10.0587	326.9503
696_24	-87.1915	-5.0533	336.7596	-87.4083	-6.8841	339.5793	-89.0168	-7.4381	335.4514
696_25	-79.1143	-12.5240	338.6155	-76.9386	-9.6993	338.6123	-81.1945	-10.1687	337.8557
696_26	-85.1686	-6.7425	346.1627	-83.6325	-9.4384	344.7525	-87.9681	-8.7783	345.9057
696_27	-89.7082	-8.1533	350.9991	-91.2467	-5.3274	351.6715	-86.8273	-6.4262	352.0777
696_28	-86.0185	-7.2360	349.9814	-88.0083	-4.5354	349.4388	-83.8250	-5.0483	350.1829
696_29	-88.5221	-8.2015	346.1600	-90.4826	-5.8115	346.3837	-86.3717	-6.4100	347.3440
696_30	-85.9444	-4.4805	346.3398	-83.5801	-6.5895	345.7748	-87.6299	-6.5245	344.9167
696_31	-82.1289	-6.9533	341.9321	-80.0997	-8.3529	340.2859	-84.1338	-8.5595	340.9657
696_32	-88.7014	-8.4545	341.4614	-86.5030	-10.5931	340.8887	-90.2796	-9.9200	339.3567
696_33	-86.4358	-13.4256	343.7201	-88.8115	-12.1279	344.4709	-85.0363	-11.3350	345.1788
697_20	-79.7235	-9.1919	333.6461	-77.6315	-6.7976	335.6293	-81.0268	-6.2634	332.9245
697_21	-80.8085	-3.1572	327.7786	-79.1381	-0.5667	329.3943	-83.5704	-1.7015	329.0155
697_22	-84.2050	-6.8562	326.6491	-82.2558	-4.1236	327.3426	-86.4721	-4.8451	328.3685
697_23	-76.1628	-5.6102	330.2241	-77.7640	-8.0063	328.2129	-73.5529	-8.0371	329.4015
697_24	-76.1689	1.0168	331.0144	-77.6761	-1.3291	329.0384	-73.3474	-0.8352	329.5521
697_25	-78.7410	-9.5479	320.6587	-76.2990	-6.8040	321.3235	-80.7743	-6.8871	320.9920
697_26	-77.0959	-2.0959	333.3162	-78.9910	-4.4925	331.6585	-74.9378	-4.4780	332.7512
697_27	-76.7885	-0.0259	330.5205	-78.3936	-2.6987	328.8376	-74.0540	-2.1303	329.0696
697_28	-77.9221	-8.2127	330.8707	-76.5045	-4.9947	332.0604	-80.7221	-6.4015	332.0309
697_29	-78.6067	-3.4524	334.0090	-80.7068	-5.8510	332.8697	-76.5180	-5.6941	332.9148
697_30	-74.8205	-1.7091	333.7779	-76.1409	-4.4655	332.9162	-72.0028	-3.8259	333.7586
697_31	-80.5544	-1.6209	334.8900	-82.1476	-4.2802	334.7190	-78.0857	-3.8379	333.7310
697_32	-79.2320	-6.1487	331.8743	-77.5593	-3.7969	332.9290	-81.6264	-4.0820	332.2192
697_33	-76.7397	-1.7072	329.9935	-75.2508	0.9428	331.4948	-78.9911	-0.1853	330.7473
702_19	-90.5058	10.1980	335.9117	-91.1606	13.0173	334.9259	-89.9379	11.6052	338.4275
702_20	-78.7898	11.1537	339.8293	-80.2966	13.0422	341.7291	-77.1663	13.4233	339.5797
702_21	-87.4477	6.3971	345.1292	-89.7522	6.1103	346.7351	-86.7908	8.6784	346.7761
702_22	-74.6990	11.6365	337.1867	-73.4438	10.2318	334.9109	-74.7246	8.7465	338.4271
702_23	-76.5814	12.0794	337.8428	-74.8363	10.3823	335.5335	-76.3909	9.0151	339.0306
702_24	-76.1108	11.5719	337.0882	-75.0741	9.8671	334.4860	-76.4878	8.6348	338.1379
702_25	-79.2586	8.3260	329.0312	-78.0738	10.0610	331.3077	-79.7514	11.2661	327.9239
702_26	-78.2370	11.2719	337.4768	-77.0250	9.4129	335.2028	-78.9487	8.3528	338.6371
702_27	-75.4359	13.4463	335.9850	-74.3817	11.7426	333.5098	-75.4736	10.3962	337.0043
702_28	-77.8694	13.6855	333.8191	-77.5036	12.3901	331.1781	-78.4488	10.8098	334.7483
702_29	-77.8706	14.3180	332.1176	-78.1295	12.8676	329.7744	-77.9263	11.5056	333.2945
702_30	-80.3612	6.6538	334.7363	-81.0594	7.7863	337.0160	-78.5567	8.4255	334.1657
702_31	-78.2289	-5.0434	340.6243	-79.2490	-3.1038	342.4278	-77.5414	-2.7154	339.0418
702_32	-78.7910	-6.6603	339.3605	-79.9825	-5.0980	341.4836	-76.5852	-4.6466	339.6963
702_33	-84.2465	-2.4487	332.8485	-84.8892	-0.9323	335.1938	-83.1049	0.0095	332.2322
706_17	-74.8235	-10.3959	336.4134	-75.6886	-9.2125	338.3768	-75.3123	-8.4170	335.2969
706_18	-79.3254	-16.6711	323.6968	-78.2989	-14.3781	323.6561	-81.3000	-15.1746	323.5362
706_19	-77.4085	-9.6207	323.7158	-76.2256	-7.7979	324.4592	-79.1341	-8.2923	324.2107
706_20	-84.2470	-4.5869	333.8309	-85.3235	-5.9128	332.2119	-82.3071	-5.9942	333.3936
706_21	-81.6188	-11.2854	329.7156	-80.4066	-9.4713	330.5016	-83.4094	-10.0270	329.5484
706_22	-81.6188	-11.2854	329.7156	-80.4066	-9.4713	330.5016	-83.4094	-10.0270	329.5484
582_19	-75.3344	3.8132	332.6414	-72.4281	6.7529	335.6996	-78.4802	6.8546	334.5917
582_20	-72.4468	3.6925	333.4637	-70.4195	6.5561	337.4262	-75.9109	6.3601	334.6310
582_21	-73.3833	-5.0063	333.1147	-71.3660	-2.3696	336.6613	-74.9696	-0.4152	332.0050
582_22	-80.4514	-15.0144	328.0847	-77.4382	-10.8094	328.9564	-83.6915	-11.2821	328.2669
582_23	-82.6090	-5.9332	316.0196	-79.6228	-1.9276	316.9767	-85.6673	-1.9740	317.1758
582_24	-76.1892	3.4699	328.9788	-78.8786	-0.0765	326.9327	-72.8722	1.0608	326.3717
582_25	-83.5594	-11.6421	327.1954	-80.8860	-7.4954	327.8615	-86.8525	-7.5749	327.9916
582_26	-75.8400	-6.8481	326.9748	-73.9508	-2.8775	327.6522	-79.5373	-3.7807	327.7660
582_27	-80.9323	-10.7499	329.1086	-78.0735	-6.7771	329.7924	-84.0009	-6.8414	329.6915
582_28	-79.2296	-4.5642	329.5364	-76.4309	-0.8821	330.6415	-82.0361	-0.9758	330.6923
582_29	-74.5934	-3.6580	330.3325	-72.3097	0.1752	331.2629	-77.7979	-0.2725	330.8827
582_30	-81.5049	-1.7095	330.1868	-83.9541	-4.7338	332.3839	-78.3863	-4.7283	331.1282
582_31	-78.2847	2.3534	331.1104	-80.7421	-0.9067	329.6784	-75.1708	-0.5888	330.4689
582_32	-80.2827	-4.8078	329.5622	-78.0673	-1.1416	329.6499	-83.3449	-1.8165	330.4338
582_33	-76.2477	-0.3196	328.6624	-78.4337	-3.6391	327.6836	-73.4922	-3.4577	328.7787
677_19	-76.8792	7.2389	344.3239	-79.8331	9.0027	346.2545	-75.4919	10.4385	343.6805
677_20	-78.7366	7.3945	337.5569	-78.6516	8.9710	341.1121	-78.6659	10.7680	336.4891
677_21	-80.2952	6.3310	341.4536	-81.3057	8.2965	344.6709	-79.8499	9.8645	340.0768
677_22	-72.9438	0.5318	347.2773	-75.1445	2.9724	349.7903	-71.6579	3.8309	346.3041
677_23	-85.9569	0.5763	350.3417	-84.3983	-1.8804	347.8653	-88.4244	-2.5857	350.2478
677_24	-81.6845	5.8395	349.4177	-79.1909	3.0479	348.1736	-84.0275	2.7390	349.8180
677_25	-86.3969	-3.1310	347.4861	-88.7475	-0.2591	348.5634	-84.0444	-0.5526	348.8694
677_26	-82.2394	4.6866	349.0403	-79.8175	2.0822	347.2628	-84.5500	1.8806	348.4229
677_27	-83.8652	0.0100	343.8414	-85.0541	2.2278	346.4447	-81.1186	2.6704	343.5576
677_28	-78.4108	5.2930	343.5110	-77.4397	3.3317	340.3711	-80.2970	1.9832	344.0502
677_29	-85.2585	5.4175	350.4062	-83.2505	2.7669	349.0077	-87.6843	2.7573	350.2739
677_30	-79.6729	6.7806	348.0236	-77.5278	4.4504	346.1011	-81.5466	3.8924	348.1431
677_31	-91.9214	4.9030	348.7272	-93.6586	7.5202	349.8218	-89.3250	6.5688	350.3237
677_32	-83.8111	-0.8070	347.5900	-86.2346	1.2726	349.0027	-81.7391	1.5879	348.9666
677_33	-79.4976	1.0454	349.2475	-81.7424	3.4811	349.7541	-77.3838	3.2914	350.1452
684_17	-75.1169	7.3173	343.4701	-77.0450	10.0598	344.0292	-72.5101	9.1778	344.6974
684_19	-77.6967	14.3866	331.5284	-78.6547	15.8476	334.4631	-76.6287	17.5924	330.9447
684_20	-72.8029	-4.6533	338.7528	-74.5269	-3.1438	341.2992	-70.7147	-2.2095	339.1964
684_21	-74.7816	1.4622	347.5068	-76.8672	3.3509	349.5226	-73.4603	4.6309	347.0156
684_22	-84.0075	5.7303	342.9803	-81.4981	3.5725	342.0976	-85.5672	2.5764	342.7527
684_24	-80.2732	14.8796	339.0476	-79.1961	17.8525	337.4866	-80.9074	14.3738	335.6605
684_25	-77.5177	16.2279	334.7892	-78.6331	13.4970	336.4036	-78.0757	17.3181	337.8484
684_26	-81.5746	13.4369	342.4750	-83.3584	10.8551	343.3922	-84.0677	14.8664	344.4222
684_27	-86.8059	6.0774	342.8315	-84.4425	8.1253	343.4753	-84.6495	4.6385	340.9370
684_29	-84.6408	12.5856	343.4204	-87.1116	10.6755	342.9041	-86.6821	14.3420	345.1325
684_30	-83.8722	12.2508	344.7766	-85.8185	10.0892	344.6429	-85.8684	13.6113	346.6035
25273_10	-82.1532	-3.8448	328.6185	-78.9496	2.8947	327.9484	-85.7467	-1.3954	334.1458
25273_11	-77.3742	-6.1940	335.2399	-72.6894	-0.9842	335.9772	-82.0894	-1.3154	334.9867
25273_12	-75.5989	-1.7224	338.3720	-80.9122	-6.7644	336.8527	-71.5234	-7.5873	337.6357
25273_13	-70.9727	0.9384	337.6159	-76.9433	-3.6982	337.8478	-67.7798	-5.3593	337.8475
25273_14	-70.5019	-15.7660	341.8309	-66.5943	-9.8980	340.1828	-75.4874	-11.4859	338.5601
25273_15	-70.3041	8.9532	343.0264	-73.1951	5.6491	337.5692	-68.4400	2.7322	344.1910
25273_16	-74.7092	11.9037	338.7679	-77.4262	7.3319	334.1433	-70.5281	7.1080	339.6825
25273_17	-70.0966	8.5945	341.5766	-71.1877	6.5125	335.2043	-68.1243	1.7859	342.2053
25273_18	-69.9501	4.3476	340.9592	-72.3921	-0.0689	337.2793	-66.7588	-0.5780	343.0683
25273_19	-67.7937	3.1557	342.1108	-71.2981	-0.2832	338.4267	-65.2190	-2.0792	343.9060
25273_20	-69.8890	6.2861	339.1453	-73.5555	2.6823	336.5948	-66.5815	1.7148	341.0259
25273_21	-82.5301	0.5624	343.3551	-81.0675	-3.9765	347.1166	-82.6263	-3.6917	339.3514
50002_10	-72.2016	-18.6083	339.6119	-70.9482	-15.8791	344.1558	-72.7156	-13.9221	337.6988
50002_11	-67.4477	-7.6014	338.3673	-67.3289	-10.3962	334.1190	-65.4872	-11.6273	340.6913
50002_12	-80.3897	-2.8845	329.9376	-80.6282	-4.8497	325.4244	-79.2441	-7.0787	331.6499
50002_13	-78.7775	-11.6152	330.6028	-77.6171	-9.7069	334.6527	-79.4131	-7.2388	328.8410
50002_14	-76.5636	-18.3411	337.5042	-74.8067	-15.7325	340.5188	-77.0040	-14.6572	334.8917
50002_15	-80.1414	-2.4735	334.2979	-81.2144	-5.6938	330.8938	-80.2395	-5.6695	336.8958
50002_16	-73.9920	-9.9935	334.9415	-72.9221	-7.9327	339.0280	-74.2824	-6.1731	332.9200
50002_17	-75.8860	-7.4249	337.1299	-78.1888	-9.3480	334.4822	-74.1616	-11.1770	338.4051
50002_5	-73.8822	-10.8436	338.8380	-70.1168	-7.6104	340.9886	-76.9782	-7.0833	339.5008
50002_6	-67.7053	-15.6672	343.2783	-68.8409	-14.3083	348.4813	-67.2331	-10.5707	342.5578
50002_7	-83.5476	-5.8421	326.2474	-85.4258	-8.6540	321.7558	-79.9783	-9.8299	326.5706
50002_8	-87.1610	-12.3824	335.3408	-86.2961	-14.9739	330.5673	-88.1310	-17.3916	336.8899
50002_9	-73.4756	-13.1040	343.6234	-73.8511	-15.7441	339.0280	-73.6469	-18.0785	345.2963
50003_17	-80.0426	-7.4248	338.3503	-79.7809	-4.2369	341.7051	-79.7694	-3.9977	335.5493
50003_18	-80.0426	-7.4248	338.3503	-79.7809	-4.2369	341.7051	-79.7694	-3.9977	335.5493
50003_19	-87.3229	-16.5805	334.6065	-89.9682	-13.7580	336.9932	-83.9838	-13.5278	335.6306
50003_20	-84.5722	-8.4310	337.3234	-81.2989	-11.0315	335.0638	-87.3477	-11.8223	336.1409
50003_21	-82.1868	-7.1186	336.2876	-80.9412	-8.7481	331.9924	-84.1079	-11.2229	336.4230
50003_22	-83.2873	-16.8752	335.0821	-84.3676	-14.7837	339.2602	-81.3053	-12.8650	334.4024
50003_23	-85.2027	-13.5473	331.8852	-86.1354	-11.4540	335.9018	-81.5346	-10.7373	331.9507
50003_24	-78.9986	-4.5301	334.1014	-78.8196	-7.1772	330.5797	-81.0445	-8.1399	335.5186
50003_25	-78.9395	-5.1907	334.4049	-78.1379	-7.2031	330.8911	-81.6477	-8.1807	335.0805
50003_26	-82.8131	-6.3524	338.7147	-82.0852	-8.7405	335.3559	-85.9850	-9.0698	339.1312
685_20	-106.7812	-7.0666	398.5503	-104.7539	-8.8239	395.7154	-107.1278	-10.6097	399.9347
685_21	-101.9359	-5.7016	401.1263	-104.1819	-4.0249	403.8373	-100.2802	-1.9619	400.6437
685_22	-99.4616	-11.1949	401.2961	-100.4436	-9.7537	405.0545	-98.1200	-7.4390	400.5387
685_23	-101.3707	-0.3752	396.5938	-99.0506	-1.4929	393.1385	-100.4586	-4.4084	397.5921
685_24	-107.6328	-2.2952	393.2961	-106.4809	-4.7837	389.7920	-107.7113	-6.3009	394.6996
685_25	-118.7065	-3.7341	382.9352	-121.3659	-7.4227	383.4993	-116.9196	-6.9200	380.3390
685_26	-106.8576	-19.5061	395.9547	-110.2641	-17.1514	394.3500	-107.1774	-16.6449	398.7560
685_27	-117.4212	-0.7496	379.8706	-119.2743	-4.2929	380.3098	-114.7066	-3.3200	378.3600
685_28	-103.6277	-15.3408	400.4810	-106.4836	-13.6586	402.5202	-101.8629	-11.7241	400.9884
685_29	-118.6666	-5.6317	379.2238	-120.5695	-9.0568	380.2378	-115.8099	-8.4209	378.2421
685_30	-110.9542	-6.1693	400.8689	-108.8439	-8.8882	399.0996	-113.5652	-8.9999	401.0611
685_31	-110.1098	-5.7523	400.1256	-107.5484	-7.8349	397.9366	-112.1223	-8.8489	399.9939
685_32	-110.8275	-7.2965	403.2806	-108.4355	-9.0331	401.3976	-112.9158	-10.2150	402.7944
685_33	-111.5941	-3.7861	402.8201	-108.2438	-2.8065	401.4080	-110.1349	-7.1633	403.1027
689_20	-82.2000	-2.5066	352.5912	-83.7324	-6.2328	353.6482	-78.6766	-4.7038	351.5108
689_21	-75.0239	-4.8552	375.2548	-77.8379	-1.9464	377.0483	-72.5134	-1.5190	375.3148
689_22	-65.2818	-1.0844	365.9136	-68.2156	0.3451	369.1635	-64.6731	3.4127	366.0140
689_23	-68.7319	1.4021	374.1560	-65.2904	-0.2102	372.5337	-69.3924	-2.6397	375.5722
689_24	-75.3453	-5.0619	376.5515	-72.4930	-7.7824	375.0291	-77.1578	-8.9379	377.6522
689_25	-96.7051	-15.1842	379.7276	-99.4323	-11.7077	379.1679	-94.7144	-12.4017	382.0423
689_26	-96.7051	-15.1842	379.7276	-99.4323	-11.7077	379.1679	-94.7144	-12.4017	382.0423
689_27	-94.8307	-15.4325	370.5531	-97.5721	-12.3496	371.9607	-92.2443	-13.6555	373.1830
689_28	-93.9737	-12.4032	377.0961	-96.8782	-9.6363	377.0582	-91.8798	-9.2317	378.8239
689_29	-83.2847	-8.6130	359.9507	-86.2532	-11.0423	359.6946	-81.2074	-12.1259	360.7108
689_30	-87.2511	-10.6490	375.6089	-84.7320	-13.2878	375.0862	-89.6185	-13.1221	374.1421
689_32	-80.5032	-7.7589	357.9615	-78.5562	-4.4216	358.2653	-83.4764	-5.3828	357.3900
689_33	-87.6109	-9.4378	375.7577	-89.9835	-6.3162	375.5338	-85.1073	-6.6407	376.7505
692_21	-110.0288	-2.7406	388.8029	-111.5026	-1.2076	391.0277	-108.3091	-0.0953	388.2456
692_22	-112.2636	-5.2464	394.0738	-114.2671	-3.0549	394.9518	-110.3018	-3.0310	394.0269
692_23	-107.5057	-9.6881	390.9132	-105.3017	-11.0196	389.5517	-108.7266	-12.5059	390.9722
692_24	-107.1010	-18.4099	387.1617	-109.2947	-17.0881	389.2510	-105.2469	-16.0170	388.0603
692_25	-110.1886	-6.4737	390.3483	-108.2254	-7.8694	388.6003	-111.9559	-8.8808	390.1706
692_26	-104.6104	-9.9488	393.2182	-107.0640	-8.4797	394.6314	-103.6723	-6.9844	392.8475
692_27	-105.3610	-4.1343	391.1762	-103.4348	-5.7234	389.2968	-106.4870	-6.8595	391.9821
692_28	-110.7087	-7.1766	393.8174	-108.3013	-8.2961	392.6943	-111.5640	-9.9507	393.7051
692_29	-109.6264	-1.5433	393.5471	-107.1685	-2.9149	392.2157	-110.6387	-4.0322	393.6523
692_30	-109.1823	-7.1117	391.1400	-110.9333	-5.3666	392.6708	-107.9502	-4.7031	390.5154
692_32	-104.2942	-4.7441	401.2410	-102.5519	-6.2557	399.8059	-106.1419	-6.9201	401.1199
692_33	-105.6240	-7.3532	400.8880	-103.8565	-8.8472	399.4851	-107.5193	-9.1237	400.5760
690_21	-103.1936	13.9504	450.1271	-99.6400	11.5886	451.3352	-105.5646	10.8933	451.9566
690_22	-99.7526	8.4771	451.8454	-105.5429	8.7832	451.8325	-102.5959	12.3135	450.6987
690_23	-111.7618	8.0674	453.4675	-109.6856	4.1146	455.4333	-115.0484	4.7578	452.7666
690_24	-105.0584	4.4877	442.6869	-102.3687	0.7370	442.6301	-107.7407	1.1474	440.5281
690_25	-101.0561	0.6403	428.2207	-98.1968	4.2068	428.8974	-103.9362	3.7346	427.7890
690_26	-107.2875	0.2152	451.6547	-110.0458	3.5536	451.1799	-104.5354	3.5220	452.8046
690_27	-108.2433	1.7473	448.0256	-110.8290	5.2222	447.9694	-105.3989	4.7880	449.3801
690_28	-90.0200	2.2385	425.7179	-91.4285	0.2196	422.0717	-88.1182	-1.6483	426.0905
690_29	-77.0143	-11.6882	272.5327	-79.4731	-8.5641	271.8724	-74.2366	-8.8743	273.1921
690_31	-76.5483	-7.3819	267.0351	-73.7594	-10.2527	265.9696	-78.8496	-10.0484	265.3831
690_33	-74.1231	-12.7876	243.5959	-73.4654	-15.6355	245.9024	-70.7242	-13.4504	242.6557
671_20	-81.3173	-5.4808	391.7621	-81.2307	-1.6638	389.6125	-83.5393	-3.2665	394.7441
671_21	-73.4688	-8.3951	395.9583	-73.5253	-6.1938	399.7288	-71.6435	-5.0218	394.3644
671_22	-85.1329	-10.2913	385.9538	-85.5114	-14.6978	386.5929	-83.5185	-11.5950	382.0558
671_23	-91.3586	-15.3783	386.6613	-92.0920	-11.1157	384.8666	-92.2330	-13.4007	390.5498
671_24	-80.0424	-10.7894	382.0169	-81.1342	-6.8193	379.8070	-82.2166	-8.6276	385.3940
671_25	-79.0902	-7.8661	390.6732	-78.4620	-3.6183	388.9847	-81.1427	-5.3428	393.9667
671_26	-77.1850	2.3981	391.8930	-78.3755	-0.9978	394.0010	-76.0268	-0.7287	388.7301
671_27	-84.3202	1.5320	391.0042	-84.0823	-2.7286	392.1852	-83.5227	-0.2227	386.8854
671_28	-77.1249	-7.4512	385.4082	-78.5357	-3.5877	384.2104	-78.2084	-5.7002	389.4475
671_29	-81.5609	-4.3576	385.2997	-81.0739	-0.0941	384.1714	-84.3802	-2.6791	387.9618
671_30	-84.1853	-0.0501	389.0332	-83.3358	-4.0151	390.3351	-82.5256	-1.7179	385.5771
671_31	-80.1088	-2.4906	382.5885	-80.9788	1.2772	381.0038	-81.5652	-0.4673	386.0769
671_32	-84.6819	6.8494	387.6705	-85.0961	3.2800	389.5360	-82.8702	4.6737	384.8199
671_33	-86.4580	3.5178	381.5185	-86.3222	-0.1041	382.8305	-83.9197	2.3770	378.8271
671_34	-83.7415	-7.3105	387.3940	-80.4978	-6.6826	389.4407	-82.1825	-5.2173	384.5587
673_21	-75.0043	-3.9641	392.8797	-75.5870	-5.8479	389.4098	-75.4631	-7.3809	394.4599
673_22	-89.2207	-3.2500	391.9334	-89.0804	0.4935	390.0951	-90.7686	-1.0781	394.7985
673_23	-88.0473	-5.1992	394.0636	-88.2903	-8.6039	395.6200	-86.6949	-7.1073	390.9440
673_24	-94.4612	0.9800	394.3586	-95.3464	-2.5339	395.6647	-94.5750	-0.8370	390.9624
673_25	-94.7593	-0.5539	398.8053	-95.1212	-4.1289	400.0607	-94.7546	-2.3249	395.4508
673_28	-92.5047	-8.3037	396.2757	-92.2595	-5.3923	393.9868	-94.5364	-6.2797	398.1093
673_29	-93.3619	2.9617	388.9607	-93.2967	-0.5581	390.1991	-91.8141	1.1457	386.1910
673_30	-68.5004	2.2426	402.2619	-67.0772	0.6539	399.1533	-69.6680	-0.9732	403.0388
673_32	-91.5749	0.1259	391.4553	-92.1462	-2.8596	393.1132	-89.5999	-1.3299	389.1113
673_33	-91.9273	1.6116	389.1918	-92.1449	-1.5536	390.5204	-90.5320	0.4133	386.4872
