ID	x1	y1	z1	x2	y2	z2	x3	y3	z3	x4	y4	z4	x5	y5	z5	x6	y6	z6	x7	y7	z7	x8	y8	z8
205.27.167	-81.2723	2.9870	336.5403	-81.4945	1.0734	330.7184	-80.1593	1.4621	332.6326	-79.7894	-0.4268	335.1895	-85.1088	-4.8799	332.2431	-86.5737	-2.6611	330.4849	-86.5737	-4.2453	332.9794	-87.3098	-2.1203	331.3305
25273	-72.7545	8.7049	345.9211	-76.8187	15.3780	341.5385	-76.0318	13.5667	344.2249	-71.3205	13.6797	345.5594	-70.0530	17.5790	333.1066	-73.8938	16.5450	333.1823	-69.5459	14.7293	333.3851	-72.6411	14.0123	333.3558
50002	-79.6873	6.7299	329.0656	-75.1111	9.5669	330.6586	-77.1213	9.7867	330.6787	-79.8680	9.4705	332.1643	-73.3173	5.4730	339.2032	-71.3428	5.8117	337.3327	-73.8881	3.8723	338.3547	-72.6323	4.4086	336.5304
50003	-79.3133	-2.7232	347.0396	-83.1729	0.4425	348.0768	-81.5690	-0.4296	348.7378	-79.7549	0.2001	348.0536	-82.8484	2.7534	342.9800	-85.4411	1.6896	343.3018	-82.6728	1.0625	342.0278	-84.3398	-0.1490	342.8698
582	-84.1595	0.8846	340.1959	-86.9308	5.4210	340.8546	-85.9481	3.2577	341.5938	-83.1661	3.1552	341.5126	-84.7821	8.0745	336.7210	-86.9607	7.5689	336.3257	-84.5774	6.4615	335.7061	-86.0643	5.8810	335.7887
671	-85.8544	-12.3010	396.9800	-83.9273	-15.1480	393.8872	-84.4320	-14.6823	395.6124	-86.2482	-14.1824	396.6071	-86.8149	-13.6138	389.6583	-85.4092	-12.8676	389.8308	-87.2216	-12.8501	391.0005	-86.0475	-11.8475	390.2040
673	-109.2827	4.5614	359.7150	-106.1984	6.9365	360.5482	-107.7638	6.7116	359.9362	-109.5136	6.3416	360.9533	-105.7394	5.3169	365.0763	-104.6036	5.2034	364.3508	-106.3255	4.3857	364.5194	-105.3174	3.9663	363.8954
677	-80.3271	10.2397	342.1962	-80.3439	9.2522	345.9170	-79.9229	9.1401	344.5010	-78.7928	9.7388	343.2535	-78.1590	13.1566	347.7415	-79.8290	12.2457	348.3717	-78.8066	13.6188	346.8983	-80.4110	13.0239	347.4356
684	-103.7025	-7.4755	321.2087	-102.5229	-10.1926	318.8099	-103.4693	-9.9422	320.1434	-104.9933	-9.1601	320.8519	-104.6987	-8.5187	315.4681	-103.0469	-8.6540	314.9029	-104.2693	-7.3808	315.7298	-103.0150	-7.4564	315.5575
685	-118.4082	10.5252	391.8228	-115.7385	15.3251	391.7852	-117.8494	13.8923	391.8997	-118.8287	12.8612	394.2309	-111.5420	14.1586	397.3810	-110.0121	14.9129	394.8424	-110.4602	12.6242	396.5868	-109.9378	13.3901	394.7177
686	-81.2486	1.0651	336.1089	-78.3148	4.1831	339.2369	-79.6137	3.4851	337.3478	-82.1981	3.4679	337.3483	-81.5167	3.0863	345.5665	-79.3552	2.3418	345.4137	-81.9794	1.9296	344.9155	-79.9474	1.2678	344.8237
689	-71.0930	-9.2360	284.2328	-73.8977	-13.3251	281.6308	-71.6244	-12.3106	282.1920	-70.2095	-12.8328	283.7462	-75.4718	-16.3890	287.3183	-77.5668	-14.5863	286.2261	-75.1964	-15.1608	287.9969	-77.2493	-13.9685	287.0679
690	-82.7222	-6.5796	234.8865	-83.2730	-11.1176	237.9554	-83.3523	-9.9140	235.3611	-81.7479	-9.6773	233.8132	-76.6976	-12.2720	238.6217	-78.2986	-11.6228	240.7804	-75.9373	-10.9554	238.8723	-77.7791	-10.1884	240.3094
692	-91.9478	0.5778	376.2542	-93.3204	3.9719	374.9086	-93.0516	3.2615	375.8298	-91.5023	2.6997	377.2355	-88.2350	5.9982	373.0100	-88.5301	5.2839	371.3866	-87.9653	5.1903	372.8966	-88.3906	4.3861	371.6059
696	-74.1038	-4.0447	286.8816	-76.7453	-6.7010	284.8350	-75.5645	-6.5705	285.1899	-74.1372	-7.0463	286.6732	-79.8008	-8.5316	289.3963	-80.9282	-7.3491	288.2086	-79.4333	-7.5511	290.0543	-80.3459	-6.5248	288.9183
697	-75.4986	-8.3941	339.7091	-79.0350	-4.9549	340.3954	-77.3607	-5.5167	341.2339	-75.0534	-5.6134	340.9310	-76.8291	-0.8482	335.9828	-78.8393	-1.2755	335.8906	-76.7528	-1.6763	335.3064	-78.4709	-2.2951	335.8196
702	-74.0825	-3.0369	285.1532	-76.5184	-5.2687	283.3280	-75.2022	-4.5682	283.5247	-73.6353	-5.2934	284.2906	-77.7839	-7.8055	287.7520	-79.1573	-7.2015	286.5630	-77.4823	-6.9702	288.2237	-78.6815	-6.2220	287.1075
706	-72.2540	-2.3752	287.5092	-74.1666	-4.6162	286.3274	-73.1091	-4.0681	286.2627	-71.5185	-4.1892	287.2584	-74.3797	-6.4516	289.5229	-75.3076	-6.1019	289.0344	-74.2010	-5.9972	289.7630	-75.0742	-5.5220	289.3914
																								
																								
																								
																								
																								
																								
																								
																								
																								
																								
																								
																								
																								
																								
																								
																								
																								
																								
																								
																								
																								
																								
																								
																								
																								
																								
																								
																								
																								
																								
																								
																								
																								
																								
																								
																								
																								
																								
																								
																								
																								
																								
																								
																								
																								
																								
																								
																								
																								
																								
																								
																								
																								
																								
																								
																								
																								
																								
																								
																								
																								
																								
																								
																								
																								
																								
																								
																								
																								
																								
																								
																								
																								
																								
																								
																								
																								
																								
																								
																								
																								
																								
																								
																								
																								
																								
																								
																								
																								
																								
																								
																								
																								
																								
																								
																								
																								
																								
																								
																								
																								
																								
																								
																								
																								
																								
																								
																								
																								
																								
																								
																								
																								
																								
																								
																								
																								
																								
																								
																								
																								
																								
																								
																								
																								
																								
																								
																								
																								
																								
																								
																								
																								
																								
																								
																								
																								
																								
																								
																								
																								
																								
																								
																								
																								
																								
																								
																								
																								
																								
																								
																								
																								
																								
																								
																								
																								
																								
																								
																								
																								
																								
																								
																								
																								
																								
																								
																								
																								
																								
																								
																								
																								
																								
																								
																								
																								
																								
																								
																								
																								
																								
																								
																								
																								
																								
																								
																								
																								
																								
																								
																								
																								
																								
																								
																								
																								
