ID	x1	y1	z1	x2	y2	z2	x3	y3	z3									
523.MX	-76.6719	-3.2830	343.0522	-82.9149	-1.1202	342.7281	-83.1592	6.8052	338.9550									
25273	-72.6241	17.7280	356.7368	-77.4603	18.9857	352.6391	-73.2423	17.1232	343.2612									
50002	-82.0729	-8.6885	322.1875	-78.9102	-10.1653	325.7567	-74.1478	-5.6502	325.2574									
50003	-79.7152	1.9825	350.3593	-78.7825	2.7198	347.1636	-76.1679	-1.9889	344.1635									
582	-69.8641	11.9004	339.3753	-70.4976	12.4972	336.1513	-66.0872	9.4259	335.2570									
671	-83.3951	-10.2349	400.6552	-82.6574	-9.7374	403.3069	-80.2971	-5.9673	403.5543									
673	-109.8547	7.0432	366.1135	-109.7642	8.4943	363.9474	-107.2660	6.1971	360.8903									
677	-84.9864	14.6237	334.8044	-83.9688	16.3333	335.6287	-83.9491	16.1336	340.0543									
684	-98.8559	-9.5273	333.9117	-98.0719	-8.9849	332.3528	-100.2395	-5.9156	331.4473									
685	-115.2690	19.7882	394.7493	-114.1263	18.9450	398.2807	-116.2770	13.8224	398.2134									
686	-75.3455	6.7863	347.4733	-76.4625	7.6642	344.7264	-73.0474	4.7955	340.8972									
689	-80.1287	0.7215	298.9592	-77.1732	1.4969	298.4548	-76.2306	-4.1025	301.1561									
690	-81.3630	-6.9903	232.3591	-84.2411	-5.9679	230.4527	-87.4190	-3.4948	235.0728									
692	-86.9368	-4.0068	364.5286	-86.1953	-2.0626	362.5692	-89.0612	1.6291	363.3993									
696	-79.5930	4.4556	341.5373	-78.0431	5.7008	339.1513	-74.5678	2.1876	338.3062									
697	-79.3183	-1.5367	341.2118	-81.3332	-0.5233	339.1278	-80.4009	-4.0088	335.5781									
702	-83.6624	-7.8918	343.9886	-85.7303	-6.9978	344.1751	-85.2548	-3.4632	346.9923									
706	-80.5215	-5.6483	339.7471	-80.4712	-5.1215	337.6999	-77.9535	-6.8994	336.2617									
																		
																		
																		
																		
																		
																		
																		
																		
																		
																		
																		
																		
																		
																		
																		
																		
																		
																		
																		
																		
																		
																		
																		
																		
																		
																		
																		
																		
																		
																		
																		
																		
																		
																		
																		
																		
																		
																		
																		
																		
																		
																		
																		
																		
																		
																		
																		
																		
																		
																		
																		
																		
																		
																		
																		
																		
																		
																		
																		
																		
																		
																		
																		
																		
																		
																		
																		
																		
																		
																		
																		
																		
																		
																		
																		
																		
																		
																		
																		
																		
																		
																		
																		
																		
																		
																		
																		
																		
																		
																		
																		
																		
																		
																		
																		
																		
																		
																		
																		
																		
																		
																		
																		
																		
																		
																		
																		
																		
																		
																		
																		
																		
																		
																		
																		
																		
																		
																		
																		
																		
																		
																		
																		
																		
																		
																		
																		
																		
																		
																		
																		
																		
																		
																		
																		
																		
																		
																		
																		
																		
																		
																		
																		
																		
																		
																		
																		
																		
																		
																		
																		
																		
																		
																		
																		
																		
																		
																		
																		
																		
																		
																		
																		
																		
																		
																		
																		
																		
																		
																		
																		
																		
																		
																		
																		
																		
																		
																		
																		
																		
																		
																		
																		
																		
																		
																		
																		
																		
																		
																		
																		
																		
																		
																		
																		
																		
																		
