ID	x1	y1	z1	x2	y2	z2	x3	y3	z3	x4	y4	z4	x5	y5	z5	x6	y6	z6	x7	y7	z7
90.20.9	-88.2975	4.2081	335.5341	-90.4381	1.7082	336.7136	-91.7312	2.2930	334.3865	-88.6205	4.7969	339.3913	-81.9035	-1.0856	344.4614	-84.1511	-7.1480	334.2149	-84.5475	-11.4983	330.9276
25273	-68.9674	-6.3361	343.4323	-72.2395	-4.9910	339.7585	-70.9263	-7.4070	338.0781	-68.5860	-2.2564	343.8951	-77.4974	4.5645	352.7530	-84.5116	-8.2119	348.6427	-89.1819	-12.3858	346.7396
50002	-75.7886	-3.7515	336.4858	-76.1793	-6.1863	339.3773	-76.0579	-7.5202	337.7866	-80.0832	-0.9526	339.7115	-72.0471	7.3755	345.1516	-64.6035	-4.3732	340.6007	-60.0695	-7.9588	341.2133
50003	-86.3590	-5.5085	340.3193	-84.8033	-6.1633	342.4670	-83.4741	-5.8059	341.4904	-90.9248	-11.2730	342.9840	-99.3319	-12.1083	347.0542	-87.6576	1.3792	345.6681	-83.5565	5.8265	346.6223
582	-80.0216	-4.1292	334.6253	-77.4973	-3.3357	334.0506	-78.1946	-2.3449	332.6257	-78.0927	-7.8746	334.7043	-73.9145	-15.2596	342.7465	-79.2056	1.1643	341.4309	-79.6594	6.3046	341.2774
671	-81.8748	-0.0928	405.9905	-80.0604	0.0600	404.8688	-79.7616	-1.0786	405.1581	-81.5787	2.5329	405.6985	-83.9467	7.2661	403.3611	-84.7667	0.7464	398.3384	-84.9099	-2.7078	394.5544
673	-108.5314	6.5249	356.7338	-110.2339	5.5473	357.4312	-110.4628	5.1433	355.8130	-109.1137	8.3718	358.4196	-107.0150	9.2931	363.2962	-107.1921	0.6902	360.7696	-107.2479	-3.3679	359.5225
677	-83.7902	6.3104	338.3218	-83.2573	6.8266	336.6922	-83.0293	5.5766	336.5649	-83.1344	8.2421	338.8369	-83.0190	17.9876	341.2886	-89.2698	8.3929	334.3274	-91.2194	6.2694	331.0682
684	-111.9995	4.4316	341.5551	-110.3283	3.9430	341.9284	-111.0435	2.5117	342.1611	-110.4434	5.8408	341.6776	-108.2093	9.9640	340.7356	-108.0074	4.4257	335.4907	-107.4057	1.9353	333.2424
685	-119.3434	14.4763	395.8565	-117.2268	15.7023	395.5431	-117.5142	16.0427	394.0582	-117.8648	14.4168	397.7148	-115.7931	13.9531	405.5080	-118.2507	21.5637	402.3626	-118.4427	26.5805	402.6350
686	-74.9169	-5.9743	338.3860	-77.6603	-6.2584	338.4441	-77.3907	-7.5661	336.8903	-76.2668	-2.1738	338.4408	-78.4128	4.8381	347.6501	-79.0993	-10.7237	346.0611	-81.6854	-15.5641	346.6743
689	-70.1072	-2.4509	257.3469	-68.9614	-2.2996	254.9837	-69.0029	-4.6972	255.2931	-69.0425	-0.3557	257.1868	-71.9721	5.7371	254.5078	-75.5066	-1.8979	249.6040	-77.6811	-4.8646	245.6420
690	-72.8243	-4.8901	258.1695	-73.1396	-4.1713	255.5664	-74.8352	-4.1464	255.8853	-70.2632	-6.0993	256.8267	-63.2417	-2.2411	256.7036	-70.3816	4.2059	257.8722	-72.6770	9.0374	256.8112
692	-112.7301	-5.5792	399.4171	-112.1992	-4.3232	397.2531	-113.4193	-4.0431	397.3174	-110.6729	-6.7066	398.4230	-104.6120	-4.8668	400.4792	-110.0235	1.5010	401.8260	-111.1494	4.9704	401.8557
696	-84.0492	6.3388	340.9651	-86.2441	5.6341	341.5802	-86.6586	6.8343	340.1649	-83.8419	5.4583	343.2946	-82.8602	-0.7849	345.1253	-85.7340	-0.4078	337.1819	-87.8247	-2.2977	333.6877
697	-79.3940	-8.7102	332.9592	-77.1332	-7.9780	332.2843	-76.7234	-9.4519	332.1485	-78.5915	-6.0010	334.2636	-81.5835	2.9440	334.5847	-79.8040	-5.8398	325.3468	-78.6883	-6.8940	321.4100
702	-78.0307	-0.2577	335.0385	-78.7797	-1.1421	336.3748	-79.0725	-2.1404	335.9801	-80.3577	2.2627	336.0382	-78.7174	8.5599	340.1430	-72.9115	-0.3754	337.5354	-69.6221	-2.6382	338.1757
706	-76.1516	-11.0501	332.7775	-77.6996	-11.0162	332.8010	-77.5445	-11.1847	333.4988	-76.5007	-11.6842	331.2846	-74.7196	-8.6026	325.4368	-75.3659	-7.0415	329.2595	-77.4652	-3.0010	334.4752
																					
																					
																					
																					
																					
																					
																					
																					
																					
																					
																					
																					
																					
																					
																					
																					
																					
																					
																					
																					
																					
																					
																					
																					
																					
																					
																					
																					
																					
																					
																					
																					
																					
																					
																					
																					
																					
																					
																					
																					
																					
																					
																					
																					
																					
																					
																					
																					
																					
																					
																					
																					
																					
																					
																					
																					
																					
																					
																					
																					
																					
																					
																					
																					
																					
																					
																					
																					
																					
																					
																					
																					
																					
																					
																					
																					
																					
																					
																					
																					
																					
																					
																					
																					
																					
																					
																					
																					
																					
																					
																					
																					
																					
																					
																					
																					
																					
																					
																					
																					
																					
																					
																					
																					
																					
																					
																					
																					
																					
																					
																					
																					
																					
																					
																					
																					
																					
																					
																					
																					
																					
																					
																					
																					
																					
																					
																					
																					
																					
																					
																					
																					
																					
																					
																					
																					
																					
																					
																					
																					
																					
																					
																					
																					
																					
																					
																					
																					
																					
																					
																					
																					
																					
																					
																					
																					
																					
																					
																					
																					
																					
																					
																					
																					
																					
																					
																					
																					
																					
																					
																					
																					
																					
																					
																					
																					
																					
																					
																					
																					
																					
																					
																					
																					
																					
																					
																					
																					
																					
																					
																					
																					
																					
																					
																					
																					
																					
