ID	x1	y1	z1	x2	y2	z2	x3	y3	z3	x4	y4	z4
99.20.1111	-84.4286	27.4895	348.0221	-83.2279	24.5930	346.1968	-81.8977	21.5292	344.7801	-80.7982	18.3276	343.4745
25273	-75.8011	41.4953	298.1316	-78.0493	37.9539	300.7663	-80.7920	34.1223	302.2940	-83.2677	30.4301	304.4796
50002	-55.5625	-24.6344	351.5495	-57.3969	-20.5953	351.3566	-58.7790	-16.3773	351.2375	-60.3411	-12.2229	351.1059
50003	-77.6052	18.2844	362.6157	-78.1024	16.9039	359.3370	-78.5922	15.5447	356.0484	-79.1127	14.1305	352.7877
582	-77.2229	-24.6319	306.1077	-78.4179	-24.0213	308.7416	-79.7906	-23.1972	311.2264	-81.0774	-22.2854	313.7266
671	-116.1377	-21.1107	391.2704	-114.0588	-18.3390	391.1905	-111.8674	-15.6555	391.1027	-109.8171	-12.8621	391.0378
673	-100.9508	-31.1941	357.1537	-101.4961	-29.0557	359.2850	-102.1174	-26.8752	361.3521	-102.8440	-24.5992	363.2769
677	-98.6744	-0.7468	308.6176	-97.4646	-1.7836	311.2621	-96.2724	-2.9019	313.8813	-95.0185	-4.1700	316.4017
684	-110.9154	-8.0629	301.2311	-109.3500	-6.0965	302.7798	-107.7920	-4.3458	304.5751	-106.2420	-2.2835	306.0104
685	-91.2224	13.2994	389.2992	-94.1685	14.7210	391.2452	-96.9635	16.3504	393.2502	-99.7950	17.9195	395.2521
689	-45.1765	-24.1385	279.4109	-49.3168	-23.7159	279.8718	-53.4579	-23.4419	280.4275	-57.5856	-22.8342	280.7838
690	-72.8021	5.4249	213.6346	-73.5231	7.6817	217.1786	-74.9148	8.9938	220.9885	-76.0459	10.6832	224.7355
692	-91.1018	10.8397	379.6483	-91.2156	9.7849	377.3817	-91.7816	8.1714	375.5541	-92.0319	7.0096	373.3516
696	-99.0282	7.5965	335.8296	-98.0103	5.3145	334.1209	-96.7606	3.0556	332.5400	-95.4680	0.7972	330.9933
697	-64.5698	-31.3469	316.4459	-66.3929	-29.7332	316.3129	-68.2697	-28.1767	316.2907	-70.2405	-26.7836	315.9439
702	-66.8874	-29.1017	330.7935	-69.0892	-26.1876	330.2366	-71.2767	-23.2503	329.7503	-73.5421	-20.4313	328.9946
706	-72.4643	9.4906	340.0239	-73.9023	8.2127	339.6043	-75.1258	6.6999	339.3019	-76.5155	5.3589	338.9184
												
												
												
												
												
												
												
												
												
												
												
												
												
												
												
												
												
												
												
												
												
												
												
												
												
												
												
												
												
												
												
												
												
												
												
												
												
												
												
												
												
												
												
												
												
												
												
												
												
												
												
												
												
												
												
												
												
												
												
												
												
												
												
												
												
												
												
												
												
												
												
												
												
												
												
												
												
												
												
												
												
												
												
												
												
												
												
												
												
												
												
												
												
												
												
												
												
												
												
												
												
												
												
												
												
												
												
												
												
												
												
												
												
												
												
												
												
												
												
												
												
												
												
												
												
												
												
												
												
												
												
												
												
												
												
												
												
												
												
												
												
												
												
												
												
												
												
												
												
												
												
												
												
												
												
												
												
												
												
												
												
												
												
												
												
												
												
												
												
												
												
												
												
												
												
												
												
												
												
												
												
												
												
												
												
												
												
												
												
												
												
												
												
												
												
												
												
