ID	x1	y1	z1	x2	y2	z2	x3	y3	z3
99.20.1150	-81.7492	9.9162	335.9419	-82.6987	-3.4828	340.1365	-83.1723	-3.8564	338.7354
25273	-75.4362	18.4868	316.9621	-70.3702	1.8153	326.0578	-72.3702	-0.2187	325.3986
50002	-105.1828	27.8982	322.5349	-94.1156	21.0321	321.1814	-93.9734	18.9257	321.2886
582	-79.6450	-9.5871	355.7256	-89.9290	-10.5712	347.3970	-89.9903	-10.9440	346.7340
685	-126.0433	-2.1419	391.0805	-117.4590	4.3861	397.8041	-117.1316	4.6372	397.2803
689	-94.6377	-9.7424	243.0582	-86.7094	-8.3841	250.8850	-85.8653	-7.1428	250.4949
690	-75.7595	10.2279	258.0146	-74.3342	1.3536	250.8488	-75.2222	-0.4734	251.1198
692	-91.3217	-9.7204	390.4456	-99.5660	-4.8493	388.6476	-100.3445	-5.2620	388.6450
696	-82.4454	11.7198	339.8090	-78.4810	5.3012	332.9244	-79.0172	4.5367	332.6003
702	-82.1115	-18.9887	346.3656	-82.9089	-12.9219	340.0608	-83.8827	-12.2950	339.9935
706	-79.7007	-6.2211	356.7164	-75.4160	-6.1039	351.7184	-75.6649	-6.3548	351.2416
									
									
									
									
									
									
									
									
									
									
									
									
									
									
									
									
									
									
									
									
									
									
									
									
									
									
									
									
									
									
									
									
									
									
									
									
									
									
									
									
									
									
									
									
									
									
									
									
									
									
									
									
									
									
									
									
									
									
									
									
									
									
									
									
									
									
									
									
									
									
									
									
									
									
									
									
									
									
									
									
									
									
									
									
									
									
									
									
									
									
									
									
									
									
									
									
									
									
									
									
									
									
									
									
									
									
									
									
									
									
									
									
									
									
									
									
									
									
									
									
									
									
									
									
									
									
									
									
									
									
									
									
									
									
									
									
									
									
									
									
									
									
									
									
									
									
									
									
									
									
									
									
									
									
									
									
									
									
									
									
									
									
									
									
									
									
									
									
									
									
									
									
									
									
									
									
									
									
									
									
									
									
									
									
									
									
									
									
									
									
									
									
									
									
									
									
									
