ID	x1	y1	z1	x2	y2	z2	x3	y3	z3						
BK.70.71	-81.1251	-6.7485	336.9631	-84.4234	-7.4660	328.6316	-80.8523	5.4251	324.0568						
25273	-89.2160	-13.3472	325.8239	-87.6235	-6.1396	338.5391	-77.6029	7.3538	331.8036						
50003	-89.3833	-3.2120	345.5307	-85.3534	-1.7035	338.3271	-76.5707	-7.4179	332.0801						
673	-109.6829	0.7195	361.5649	-109.8370	-5.2328	357.9694	-105.9975	-12.5489	360.6853						
677	-88.7580	3.5370	337.8527	-84.9030	7.6471	340.9185	-79.7326	12.9820	337.7212						
684	-86.5846	-15.1878	336.4671	-91.2842	-11.8810	338.6427	-97.3056	-9.4625	335.8563						
685	-117.8624	13.3341	393.8302	-118.8744	19.0374	396.1109	-109.5813	20.9124	404.2063						
686	-80.3433	-5.5485	336.3650	-80.3213	-6.6172	343.1714	-77.2955	3.6805	348.0469						
689	-65.6097	-11.3519	256.8462	-66.9916	-6.3567	251.3980	-67.7267	4.6582	255.7283						
690	-81.5964	-4.9160	249.8822	-78.3796	3.9153	251.3885	-67.9023	-2.1424	250.3933						
692	-109.2312	-10.8212	405.0998	-105.3045	-6.0517	400.2100	-108.9911	2.4808	399.8391						
696	-89.5288	3.4007	338.9654	-90.3606	-3.6027	337.1656	-83.5616	-5.0716	329.7963						
697	-78.8134	5.0674	336.2665	-76.3986	-1.8443	336.3827	-75.4893	-5.2002	346.3750						
702	-82.7141	-0.2127	339.1999	-83.0020	2.0406	333.5462	-89.5292	-2.3260	328.7390						
706	-81.8545	-5.8178	341.6465	-82.3560	-6.4875	337.8076	-83.3390	-13.4109	336.1664						
															
															
															
															
															
															
															
															
															
															
															
															
															
															
															
															
															
															
															
															
															
															
															
															
															
															
															
															
															
															
															
															
															
															
															
															
															
															
															
															
															
															
															
															
															
															
															
															
															
															
															
															
															
															
															
															
															
															
															
															
															
															
															
															
															
															
															
															
															
															
															
															
															
															
															
															
															
															
															
															
															
															
															
															
															
															
															
															
															
															
															
															
															
															
															
															
															
															
															
															
															
															
															
															
															
															
															
															
															
															
															
															
															
															
															
															
															
															
															
															
															
															
															
															
															
															
															
															
															
															
															
															
															
															
															
															
															
															
															
															
															
															
															
															
															
															
															
															
															
															
															
															
															
															
															
															
															
															
															
															
															
															
															
															
															
															
															
															
															
															
															
															
															
															
															
															
															
															
															
															
															
															
															
															
															
															
															
															
															
															
															
															
															
															
															
															
															
