ID	x1	y1	z1	x2	y2	z2	x3	y3	z3	x4	y4	z4						
FN51.ENT	-84.2507	7.8099	332.9959	-86.2904	8.7202	337.2215	-81.1390	9.5877	335.0008	-88.4296	6.8166	331.5970						
25273	-70.6838	5.4059	335.3354	-72.1624	10.2883	338.6247	-67.0071	7.1210	338.6934	-73.5591	7.7653	332.3596						
50003	-82.9227	-7.2702	343.0294	-85.1761	-6.9881	341.6964	-82.6036	-8.7363	341.1852	-83.3532	-6.5857	345.4303						
671	-78.2044	4.4444	402.0789	-76.2428	5.0577	401.7862	-78.0184	6.3617	400.8882	-77.8370	3.2581	403.5930						
673	-99.1849	-6.0488	336.3811	-97.6732	-5.9238	336.7352	-98.9966	-7.5703	337.0303	-98.8715	-5.2794	335.1427						
677	-79.0597	7.9322	340.4510	-78.7802	7.3966	338.9259	-77.0969	8.2499	340.2099	-80.2615	6.9990	340.3961						
684	-100.9691	-4.0147	333.7785	-100.3313	-4.1560	335.0898	-102.0657	-5.5650	334.8597	-99.6371	-3.4574	333.1125						
685	-112.7569	14.3274	404.1883	-113.9481	12.1967	406.1218	-113.5492	11.3965	402.8335	-111.9507	16.0950	406.4165						
686	-73.1677	-8.2975	340.2449	-76.1827	-9.4181	339.1597	-73.4237	-7.0022	337.7091	-73.6503	-9.8828	342.3375						
689	-71.5015	7.6795	254.7513	-73.9222	8.8756	256.5198	-71.2106	7.1357	258.1387	-72.5263	8.4961	252.6583						
690	-74.8548	6.4670	254.6411	-74.1855	9.1352	253.7104	-77.3585	8.1766	254.8328	-72.0764	6.4019	255.4414						
696	-83.0161	-4.7828	332.6454	-82.5743	-4.9036	330.0822	-79.8942	-3.7935	331.9915	-84.3315	-5.7481	332.2723						
697	-72.5649	-3.3441	336.0858	-73.7303	-4.6946	334.2788	-70.9871	-3.1788	334.5816	-74.7128	-4.2184	337.6540						
702	-78.6050	0.2356	338.0188	-79.0972	0.3927	336.0689	-77.3900	1.8119	337.5438	-79.3253	-1.1104	337.8502						
706	-77.6795	-8.0585	332.1953	-76.0555	-7.7592	331.6786	-76.2627	-9.7343	332.0278	-78.0592	-6.9360	332.0670						
																		
																		
																		
																		
																		
																		
																		
																		
																		
																		
																		
																		
																		
																		
																		
																		
																		
																		
																		
																		
																		
																		
																		
																		
																		
																		
																		
																		
																		
																		
																		
																		
																		
																		
																		
																		
																		
																		
																		
																		
																		
																		
																		
																		
																		
																		
																		
																		
																		
																		
																		
																		
																		
																		
																		
																		
																		
																		
																		
																		
																		
																		
																		
																		
																		
																		
																		
																		
																		
																		
																		
																		
																		
																		
																		
																		
																		
																		
																		
																		
																		
																		
																		
																		
																		
																		
																		
																		
																		
																		
																		
																		
																		
																		
																		
																		
																		
																		
																		
																		
																		
																		
																		
																		
																		
																		
																		
																		
																		
																		
																		
																		
																		
																		
																		
																		
																		
																		
																		
																		
																		
																		
																		
																		
																		
																		
																		
																		
																		
																		
																		
																		
																		
																		
																		
																		
																		
																		
																		
																		
																		
																		
																		
																		
																		
																		
																		
																		
																		
																		
																		
																		
																		
																		
																		
																		
																		
																		
																		
																		
																		
																		
																		
																		
																		
																		
																		
																		
																		
																		
																		
																		
																		
																		
																		
																		
																		
																		
																		
																		
																		
																		
																		
																		
																		
																		
																		
																		
																		
																		
																		
																		
																		
																		
																		
																		
																		
